 0.010429  0.010429  0.999891  0.014749  0.785398
 0.044233  0.000000  0.999021  0.044248  0.000000
 0.031278  0.031278  0.999021  0.044248  0.785398
 0.072264  0.014374  0.997282  0.073746  0.196350
 0.061262  0.040934  0.997282  0.073746  0.589049
 0.040934  0.061262  0.997282  0.073746  0.981748
 0.014374  0.072264  0.997282  0.073746  1.374447
 0.103062  0.000000  0.994675  0.103245  0.000000
 0.099550  0.026674  0.994675  0.103245  0.261799
 0.089254  0.051531  0.994675  0.103245  0.523599
 0.072875  0.072875  0.994675  0.103245  0.785398
 0.051531  0.089254  0.994675  0.103245  1.047198
 0.026674  0.099550  0.994675  0.103245  1.308997
 0.131522  0.014819  0.991203  0.132743  0.112200
 0.124927  0.043714  0.991203  0.132743  0.336599
 0.112067  0.070416  0.991203  0.132743  0.560999
 0.093588  0.093588  0.991203  0.132743  0.785398
 0.070416  0.112067  0.991203  0.132743  1.009798
 0.043714  0.124927  0.991203  0.132743  1.234197
 0.014819  0.131522  0.991203  0.132743  1.458597
 0.161531  0.000000  0.986868  0.162242  0.000000
 0.159077  0.028050  0.986868  0.162242  0.174533
 0.151790  0.055247  0.986868  0.162242  0.349066
 0.139890  0.080766  0.986868  0.162242  0.523599
 0.123740  0.103830  0.986868  0.162242  0.698132
 0.103830  0.123740  0.986868  0.162242  0.872665
 0.080766  0.139890  0.986868  0.162242  1.047198
 0.055247  0.151790  0.986868  0.162242  1.221730
 0.028050  0.159077  0.986868  0.162242  1.396263
 0.189980  0.014952  0.981674  0.191740  0.078540
 0.185302  0.044487  0.981674  0.191740  0.235619
 0.176062  0.072927  0.981674  0.191740  0.392699
 0.162486  0.099571  0.981674  0.191740  0.549779
 0.144909  0.123764  0.981674  0.191740  0.706858
 0.123764  0.144909  0.981674  0.191740  0.863938
 0.099571  0.162486  0.981674  0.191740  1.021018
 0.072927  0.176062  0.981674  0.191740  1.178097
 0.044487  0.185302  0.981674  0.191740  1.335177
 0.014952  0.189980  0.981674  0.191740  1.492257
 0.219439  0.000000  0.975626  0.221239  0.000000
 0.217561  0.028642  0.975626  0.221239  0.130900
 0.211961  0.056795  0.975626  0.221239  0.261799
 0.202735  0.083975  0.975626  0.221239  0.392699
 0.190039  0.109719  0.975626  0.221239  0.523599
 0.174092  0.133586  0.975626  0.221239  0.654498
 0.155166  0.155166  0.975626  0.221239  0.785398
 0.133586  0.174092  0.975626  0.221239  0.916298
 0.109719  0.190039  0.975626  0.221239  1.047198
 0.083975  0.202735  0.975626  0.221239  1.178097
 0.056795  0.211961  0.975626  0.221239  1.308997
 0.028642  0.217561  0.975626  0.221239  1.439897
 0.247666  0.014981  0.968730  0.250737  0.060415
 0.244054  0.044725  0.968730  0.250737  0.181246
 0.236884  0.073816  0.968730  0.250737  0.302076
 0.226259  0.101831  0.968730  0.250737  0.422907
 0.212335  0.128361  0.968730  0.250737  0.543737
 0.195315  0.153019  0.968730  0.250737  0.664568
 0.175446  0.175446  0.968730  0.250737  0.785398
 0.153019  0.195315  0.968730  0.250737  0.906229
 0.128361  0.212335  0.968730  0.250737  1.027059
 0.101831  0.226259  0.968730  0.250737  1.147890
 0.073816  0.236884  0.968730  0.250737  1.268720
 0.044725  0.244054  0.968730  0.250737  1.389551
 0.014981  0.247666  0.968730  0.250737  1.510381
 0.276582  0.000000  0.960990  0.280236  0.000000
 0.275067  0.028911  0.960990  0.280236  0.104720
 0.270538  0.057505  0.960990  0.280236  0.209440
 0.263046  0.085469  0.960990  0.280236  0.314159
 0.252671  0.112496  0.960990  0.280236  0.418879
 0.239527  0.138291  0.960990  0.280236  0.523599
 0.223760  0.162571  0.960990  0.280236  0.628319
 0.205541  0.185070  0.960990  0.280236  0.733038
 0.185070  0.205541  0.960990  0.280236  0.837758
 0.162571  0.223760  0.960990  0.280236  0.942478
 0.138291  0.239527  0.960990  0.280236  1.047198
 0.112496  0.252671  0.960990  0.280236  1.151917
 0.085469  0.263046  0.960990  0.280236  1.256637
 0.057505  0.270538  0.960990  0.280236  1.361357
 0.028911  0.275067  0.960990  0.280236  1.466077
 0.304439  0.014956  0.952415  0.309734  0.049087
 0.301507  0.044724  0.952415  0.309734  0.147262
 0.295671  0.074062  0.952415  0.309734  0.245437
 0.286988  0.102686  0.952415  0.309734  0.343612
 0.275541  0.130321  0.952415  0.309734  0.441786
 0.261441  0.156701  0.952415  0.309734  0.539961
 0.244822  0.181573  0.952415  0.309734  0.638136
 0.225846  0.204695  0.952415  0.309734  0.736311
 0.204695  0.225846  0.952415  0.309734  0.834486
 0.181573  0.244822  0.952415  0.309734  0.932660
 0.156701  0.261441  0.952415  0.309734  1.030835
 0.130321  0.275541  0.952415  0.309734  1.129010
 0.102686  0.286988  0.952415  0.309734  1.227185
 0.074062  0.295671  0.952415  0.309734  1.325359
 0.044724  0.301507  0.952415  0.309734  1.423534
 0.014956  0.304439  0.952415  0.309734  1.521709
 0.332764  0.000000  0.943010  0.339233  0.000000
 0.331498  0.029002  0.943010  0.339233  0.087266
 0.327708  0.057784  0.943010  0.339233  0.174533
 0.321425  0.086126  0.943010  0.339233  0.261799
 0.312696  0.113812  0.943010  0.339233  0.349066
 0.301587  0.140632  0.943010  0.339233  0.436332
 0.288182  0.166382  0.943010  0.339233  0.523599
 0.272584  0.190866  0.943010  0.339233  0.610865
 0.254912  0.213897  0.943010  0.339233  0.698132
 0.235300  0.235300  0.943010  0.339233  0.785398
 0.213897  0.254912  0.943010  0.339233  0.872665
 0.190866  0.272584  0.943010  0.339233  0.959931
 0.166382  0.288182  0.943010  0.339233  1.047198
 0.140632  0.301587  0.943010  0.339233  1.134464
 0.113812  0.312696  0.943010  0.339233  1.221730
 0.086126  0.321425  0.943010  0.339233  1.308997
 0.057784  0.327708  0.943010  0.339233  1.396263
 0.029002  0.331498  0.943010  0.339233  1.483530
 0.360125  0.014895  0.932785  0.368732  0.041337
 0.357665  0.044583  0.932785  0.368732  0.124010
 0.352761  0.073966  0.932785  0.368732  0.206684
 0.345448  0.102844  0.932785  0.368732  0.289357
 0.335776  0.131020  0.932785  0.368732  0.372031
 0.323809  0.158301  0.932785  0.368732  0.454704
 0.309631  0.184500  0.932785  0.368732  0.537378
 0.293338  0.209439  0.932785  0.368732  0.620051
 0.275040  0.232947  0.932785  0.368732  0.702725
 0.254864  0.254864  0.932785  0.368732  0.785398
 0.232947  0.275040  0.932785  0.368732  0.868072
 0.209439  0.293338  0.932785  0.368732  0.950745
 0.184500  0.309631  0.932785  0.368732  1.033419
 0.158301  0.323809  0.932785  0.368732  1.116092
 0.131020  0.335776  0.932785  0.368732  1.198766
 0.102844  0.345448  0.932785  0.368732  1.281439
 0.073966  0.352761  0.932785  0.368732  1.364113
 0.044583  0.357665  0.932785  0.368732  1.446786
 0.014895  0.360125  0.932785  0.368732  1.529460
 0.387788  0.000000  0.921749  0.398230  0.000000
 0.386703  0.028979  0.921749  0.398230  0.074800
 0.383456  0.057797  0.921749  0.398230  0.149600
 0.378065  0.086291  0.921749  0.398230  0.224399
 0.370559  0.114302  0.921749  0.398230  0.299199
 0.360981  0.141675  0.921749  0.398230  0.373999
 0.349384  0.168255  0.921749  0.398230  0.448799
 0.335834  0.193894  0.921749  0.398230  0.523599
 0.320405  0.218448  0.921749  0.398230  0.598399
 0.303184  0.241782  0.921749  0.398230  0.673198
 0.284268  0.263762  0.921749  0.398230  0.747998
 0.263762  0.284268  0.921749  0.398230  0.822798
 0.241782  0.303184  0.921749  0.398230  0.897598
 0.218448  0.320405  0.921749  0.398230  0.972398
 0.193894  0.335834  0.921749  0.398230  1.047198
 0.168255  0.349384  0.921749  0.398230  1.121997
 0.141675  0.360981  0.921749  0.398230  1.196797
 0.114302  0.370559  0.921749  0.398230  1.271597
 0.086291  0.378065  0.921749  0.398230  1.346397
 0.057797  0.383456  0.921749  0.398230  1.421197
 0.028979  0.386703  0.921749  0.398230  1.495997
 0.414541  0.014805  0.909910  0.427729  0.035700
 0.412428  0.044341  0.909910  0.427729  0.107100
 0.408214  0.073650  0.909910  0.427729  0.178500
 0.401920  0.102584  0.909910  0.427729  0.249899
 0.393578  0.130995  0.909910  0.427729  0.321299
 0.383230  0.158739  0.909910  0.427729  0.392699
 0.370929  0.185674  0.909910  0.427729  0.464099
 0.356738  0.211663  0.909910  0.427729  0.535499
 0.340730  0.236573  0.909910  0.427729  0.606899
 0.322984  0.260277  0.909910  0.427729  0.678298
 0.303594  0.282656  0.909910  0.427729  0.749698
 0.282656  0.303594  0.909910  0.427729  0.821098
 0.260277  0.322984  0.909910  0.427729  0.892498
 0.236573  0.340730  0.909910  0.427729  0.963898
 0.211663  0.356738  0.909910  0.427729  1.035298
 0.185674  0.370929  0.909910  0.427729  1.106697
 0.158739  0.383230  0.909910  0.427729  1.178097
 0.130995  0.393578  0.909910  0.427729  1.249497
 0.102584  0.401920  0.909910  0.427729  1.320897
 0.073650  0.408214  0.909910  0.427729  1.392297
 0.044341  0.412428  0.909910  0.427729  1.463697
 0.014805  0.414541  0.909910  0.427729  1.535096
 0.441462  0.000000  0.897280  0.457227  0.000000
 0.440517  0.028873  0.897280  0.457227  0.065450
 0.437685  0.057622  0.897280  0.457227  0.130900
 0.432979  0.086125  0.897280  0.457227  0.196350
 0.426419  0.114259  0.897280  0.457227  0.261799
 0.418033  0.141903  0.897280  0.457227  0.327249
 0.407857  0.168940  0.897280  0.457227  0.392699
 0.395935  0.195254  0.897280  0.457227  0.458149
 0.382317  0.220731  0.897280  0.457227  0.523599
 0.367062  0.245263  0.897280  0.457227  0.589049
 0.350235  0.268745  0.897280  0.457227  0.654498
 0.331909  0.291076  0.897280  0.457227  0.719948
 0.312161  0.312161  0.897280  0.457227  0.785398
 0.291076  0.331909  0.897280  0.457227  0.850848
 0.268745  0.350235  0.897280  0.457227  0.916298
 0.245263  0.367062  0.897280  0.457227  0.981748
 0.220731  0.382317  0.897280  0.457227  1.047198
 0.195254  0.395935  0.897280  0.457227  1.112647
 0.168940  0.407857  0.897280  0.457227  1.178097
 0.141903  0.418033  0.897280  0.457227  1.243547
 0.114259  0.426419  0.897280  0.457227  1.308997
 0.086125  0.432979  0.897280  0.457227  1.374447
 0.057622  0.437685  0.897280  0.457227  1.439897
 0.028873  0.440517  0.897280  0.457227  1.505346
 0.467503  0.014692  0.883869  0.486726  0.031416
 0.465658  0.044018  0.883869  0.486726  0.094248
 0.461976  0.073170  0.883869  0.486726  0.157080
 0.456470  0.102033  0.883869  0.486726  0.219911
 0.449162  0.130494  0.883869  0.486726  0.282743
 0.440082  0.158439  0.883869  0.486726  0.345575
 0.429265  0.185760  0.883869  0.486726  0.408407
 0.416754  0.212347  0.883869  0.486726  0.471239
 0.402599  0.238096  0.883869  0.486726  0.534071
 0.386854  0.262906  0.883869  0.486726  0.596903
 0.369583  0.286678  0.883869  0.486726  0.659734
 0.350853  0.309318  0.883869  0.486726  0.722566
 0.330738  0.330738  0.883869  0.486726  0.785398
 0.309318  0.350853  0.883869  0.486726  0.848230
 0.286678  0.369583  0.883869  0.486726  0.911062
 0.262906  0.386854  0.883869  0.486726  0.973894
 0.238096  0.402599  0.883869  0.486726  1.036726
 0.212347  0.416754  0.883869  0.486726  1.099557
 0.185760  0.429265  0.883869  0.486726  1.162389
 0.158439  0.440082  0.883869  0.486726  1.225221
 0.130494  0.449162  0.883869  0.486726  1.288053
 0.102033  0.456470  0.883869  0.486726  1.350885
 0.073170  0.461976  0.883869  0.486726  1.413717
 0.044018  0.465658  0.883869  0.486726  1.476549
 0.014692  0.467503  0.883869  0.486726  1.539380
 0.493600  0.000000  0.869689  0.516224  0.000000
 0.492765  0.028700  0.869689  0.516224  0.058178
 0.490262  0.057303  0.869689  0.516224  0.116355
 0.486101  0.085713  0.869689  0.516224  0.174533
 0.480295  0.113832  0.869689  0.516224  0.232711
 0.472863  0.141566  0.869689  0.516224  0.290888
 0.463832  0.168821  0.869689  0.516224  0.349066
 0.453231  0.195505  0.869689  0.516224  0.407243
 0.441097  0.221527  0.869689  0.516224  0.465421
 0.427470  0.246800  0.869689  0.516224  0.523599
 0.412397  0.271238  0.869689  0.516224  0.581776
 0.395928  0.294757  0.869689  0.516224  0.639954
 0.378119  0.317280  0.869689  0.516224  0.698132
 0.359032  0.338729  0.869689  0.516224  0.756309
 0.338729  0.359032  0.869689  0.516224  0.814487
 0.317280  0.378119  0.869689  0.516224  0.872665
 0.294757  0.395928  0.869689  0.516224  0.930842
 0.271238  0.412397  0.869689  0.516224  0.989020
 0.246800  0.427470  0.869689  0.516224  1.047198
 0.221527  0.441097  0.869689  0.516224  1.105375
 0.195505  0.453231  0.869689  0.516224  1.163553
 0.168821  0.463832  0.869689  0.516224  1.221730
 0.141566  0.472863  0.869689  0.516224  1.279908
 0.113832  0.480295  0.869689  0.516224  1.338086
 0.085713  0.486101  0.869689  0.516224  1.396263
 0.057303  0.490262  0.869689  0.516224  1.454441
 0.028700  0.492765  0.869689  0.516224  1.512619
 0.518832  0.014557  0.854752  0.545723  0.028050
 0.517199  0.043625  0.854752  0.545723  0.084150
 0.513940  0.072556  0.854752  0.545723  0.140250
 0.509063  0.101259  0.854752  0.545723  0.196350
 0.502584  0.129643  0.854752  0.545723  0.252449
 0.494525  0.157619  0.854752  0.545723  0.308549
 0.484909  0.185099  0.854752  0.545723  0.364649
 0.473767  0.211997  0.854752  0.545723  0.420749
 0.461135  0.238228  0.854752  0.545723  0.476849
 0.447052  0.263709  0.854752  0.545723  0.532949
 0.431563  0.288361  0.854752  0.545723  0.589049
 0.414715  0.312105  0.854752  0.545723  0.645148
 0.396563  0.334867  0.854752  0.545723  0.701248
 0.377163  0.356576  0.854752  0.545723  0.757348
 0.356576  0.377163  0.854752  0.545723  0.813448
 0.334867  0.396563  0.854752  0.545723  0.869548
 0.312105  0.414715  0.854752  0.545723  0.925648
 0.288361  0.431563  0.854752  0.545723  0.981748
 0.263709  0.447052  0.854752  0.545723  1.037848
 0.238228  0.461135  0.854752  0.545723  1.093947
 0.211997  0.473767  0.854752  0.545723  1.150047
 0.185099  0.484909  0.854752  0.545723  1.206147
 0.157619  0.494525  0.854752  0.545723  1.262247
 0.129643  0.502584  0.854752  0.545723  1.318347
 0.101259  0.509063  0.854752  0.545723  1.374447
 0.072556  0.513940  0.854752  0.545723  1.430547
 0.043625  0.517199  0.854752  0.545723  1.486647
 0.014557  0.518832  0.854752  0.545723  1.542746
 0.544020  0.000000  0.839072  0.575221  0.000000
 0.543223  0.029453  0.839072  0.575221  0.054165
 0.540831  0.058819  0.839072  0.575221  0.108331
 0.536854  0.088013  0.839072  0.575221  0.162496
 0.531302  0.116948  0.839072  0.575221  0.216662
 0.524191  0.145541  0.839072  0.575221  0.270827
 0.515543  0.173707  0.839072  0.575221  0.324992
 0.505382  0.201363  0.839072  0.575221  0.379158
 0.493740  0.228428  0.839072  0.575221  0.433323
 0.480649  0.254824  0.839072  0.575221  0.487489
 0.466148  0.280472  0.839072  0.575221  0.541654
 0.450280  0.305297  0.839072  0.575221  0.595819
 0.433091  0.329227  0.839072  0.575221  0.649985
 0.414632  0.352191  0.839072  0.575221  0.704150
 0.394956  0.374123  0.839072  0.575221  0.758315
 0.374123  0.394956  0.839072  0.575221  0.812481
 0.352191  0.414632  0.839072  0.575221  0.866646
 0.329227  0.433091  0.839072  0.575221  0.920812
 0.305297  0.450280  0.839072  0.575221  0.974977
 0.280472  0.466148  0.839072  0.575221  1.029142
 0.254824  0.480649  0.839072  0.575221  1.083308
 0.228428  0.493740  0.839072  0.575221  1.137473
 0.201363  0.505382  0.839072  0.575221  1.191639
 0.173707  0.515543  0.839072  0.575221  1.245804
 0.145541  0.524191  0.839072  0.575221  1.299969
 0.116948  0.531302  0.839072  0.575221  1.354135
 0.088013  0.536854  0.839072  0.575221  1.408300
 0.058819  0.540831  0.839072  0.575221  1.462466
 0.029453  0.543223  0.839072  0.575221  1.516631
 0.568349  0.014402  0.822661  0.604720  0.025335
 0.566890  0.043170  0.822661  0.604720  0.076006
 0.563976  0.071827  0.822661  0.604720  0.126677
 0.559614  0.100300  0.822661  0.604720  0.177348
 0.553816  0.128515  0.822661  0.604720  0.228019
 0.546596  0.156401  0.822661  0.604720  0.278690
 0.537973  0.183885  0.822661  0.604720  0.329361
 0.527968  0.210897  0.822661  0.604720  0.380031
 0.516609  0.237367  0.822661  0.604720  0.430702
 0.503924  0.263228  0.822661  0.604720  0.481373
 0.489945  0.288414  0.822661  0.604720  0.532044
 0.474708  0.312859  0.822661  0.604720  0.582715
 0.458252  0.336501  0.822661  0.604720  0.633386
 0.440621  0.359279  0.822661  0.604720  0.684056
 0.421858  0.381135  0.822661  0.604720  0.734727
 0.402012  0.402012  0.822661  0.604720  0.785398
 0.381135  0.421858  0.822661  0.604720  0.836069
 0.359279  0.440621  0.822661  0.604720  0.886740
 0.336501  0.458252  0.822661  0.604720  0.937411
 0.312859  0.474708  0.822661  0.604720  0.988082
 0.288414  0.489945  0.822661  0.604720  1.038752
 0.263228  0.503924  0.822661  0.604720  1.089423
 0.237367  0.516609  0.822661  0.604720  1.140094
 0.210897  0.527968  0.822661  0.604720  1.190765
 0.183885  0.537973  0.822661  0.604720  1.241436
 0.156401  0.546596  0.822661  0.604720  1.292107
 0.128515  0.553816  0.822661  0.604720  1.342778
 0.100300  0.559614  0.822661  0.604720  1.393448
 0.071827  0.563976  0.822661  0.604720  1.444119
 0.043170  0.566890  0.822661  0.604720  1.494790
 0.014402  0.568349  0.822661  0.604720  1.545461
 0.592548  0.000000  0.805535  0.634218  0.000000
 0.591834  0.029075  0.805535  0.634218  0.049087
 0.589695  0.058080  0.805535  0.634218  0.098175
 0.586135  0.086945  0.805535  0.634218  0.147262
 0.581162  0.115600  0.805535  0.634218  0.196350
 0.574790  0.143977  0.805535  0.634218  0.245437
 0.567033  0.172008  0.805535  0.634218  0.294524
 0.557910  0.199623  0.805535  0.634218  0.343612
 0.547443  0.226758  0.805535  0.634218  0.392699
 0.535657  0.253347  0.805535  0.634218  0.441786
 0.522581  0.279325  0.805535  0.634218  0.490874
 0.508245  0.304631  0.805535  0.634218  0.539961
 0.492686  0.329202  0.805535  0.634218  0.589049
 0.475939  0.352980  0.805535  0.634218  0.638136
 0.458046  0.375908  0.805535  0.634218  0.687223
 0.439049  0.397931  0.805535  0.634218  0.736311
 0.418995  0.418995  0.805535  0.634218  0.785398
 0.397931  0.439049  0.805535  0.634218  0.834486
 0.375908  0.458046  0.805535  0.634218  0.883573
 0.352980  0.475939  0.805535  0.634218  0.932660
 0.329202  0.492686  0.805535  0.634218  0.981748
 0.304631  0.508245  0.805535  0.634218  1.030835
 0.279325  0.522581  0.805535  0.634218  1.079922
 0.253347  0.535657  0.805535  0.634218  1.129010
 0.226758  0.547443  0.805535  0.634218  1.178097
 0.199623  0.557910  0.805535  0.634218  1.227185
 0.172008  0.567033  0.805535  0.634218  1.276272
 0.143977  0.574790  0.805535  0.634218  1.325359
 0.115600  0.581162  0.805535  0.634218  1.374447
 0.086945  0.586135  0.805535  0.634218  1.423534
 0.058080  0.589695  0.805535  0.634218  1.472622
 0.029075  0.591834  0.805535  0.634218  1.521709
 0.615874  0.014661  0.787708  0.663717  0.023800
 0.614479  0.043948  0.787708  0.663717  0.071400
 0.611692  0.073137  0.787708  0.663717  0.119000
 0.607519  0.102159  0.787708  0.663717  0.166600
 0.601970  0.130951  0.787708  0.663717  0.214199
 0.595057  0.159445  0.787708  0.663717  0.261799
 0.586797  0.187579  0.787708  0.663717  0.309399
 0.577207  0.215287  0.787708  0.663717  0.356999
 0.566309  0.242508  0.787708  0.663717  0.404599
 0.554129  0.269179  0.787708  0.663717  0.452199
 0.540693  0.295241  0.787708  0.663717  0.499799
 0.526033  0.320634  0.787708  0.663717  0.547399
 0.510180  0.345300  0.787708  0.663717  0.594999
 0.493172  0.369184  0.787708  0.663717  0.642598
 0.475047  0.392232  0.787708  0.663717  0.690198
 0.455846  0.414392  0.787708  0.663717  0.737798
 0.435612  0.435612  0.787708  0.663717  0.785398
 0.414392  0.455846  0.787708  0.663717  0.832998
 0.392232  0.475047  0.787708  0.663717  0.880598
 0.369184  0.493172  0.787708  0.663717  0.928198
 0.345300  0.510180  0.787708  0.663717  0.975798
 0.320634  0.526033  0.787708  0.663717  1.023398
 0.295241  0.540693  0.787708  0.663717  1.070997
 0.269179  0.554129  0.787708  0.663717  1.118597
 0.242508  0.566309  0.787708  0.663717  1.166197
 0.215287  0.577207  0.787708  0.663717  1.213797
 0.187579  0.586797  0.787708  0.663717  1.261397
 0.159445  0.595057  0.787708  0.663717  1.308997
 0.130951  0.601970  0.787708  0.663717  1.356597
 0.102159  0.607519  0.787708  0.663717  1.404197
 0.073137  0.611692  0.787708  0.663717  1.451797
 0.043948  0.614479  0.787708  0.663717  1.499396
 0.014661  0.615874  0.787708  0.663717  1.546996
 0.639014  0.000000  0.769195  0.693215  0.000000
 0.638370  0.028669  0.769195  0.693215  0.044880
 0.636441  0.057281  0.769195  0.693215  0.089760
 0.633230  0.085777  0.769195  0.693215  0.134640
 0.628744  0.114100  0.769195  0.693215  0.179520
 0.622992  0.142194  0.769195  0.693215  0.224399
 0.615985  0.170001  0.769195  0.693215  0.269279
 0.607738  0.197466  0.769195  0.693215  0.314159
 0.598267  0.224533  0.769195  0.693215  0.359039
 0.587591  0.251148  0.769195  0.693215  0.403919
 0.575731  0.277258  0.769195  0.693215  0.448799
 0.562713  0.302809  0.769195  0.693215  0.493679
 0.548561  0.327750  0.769195  0.693215  0.538559
 0.533304  0.352031  0.769195  0.693215  0.583439
 0.516973  0.375603  0.769195  0.693215  0.628319
 0.499601  0.398419  0.769195  0.693215  0.673198
 0.481223  0.420432  0.769195  0.693215  0.718078
 0.461876  0.441598  0.769195  0.693215  0.762958
 0.441598  0.461876  0.769195  0.693215  0.807838
 0.420432  0.481223  0.769195  0.693215  0.852718
 0.398419  0.499601  0.769195  0.693215  0.897598
 0.375603  0.516973  0.769195  0.693215  0.942478
 0.352031  0.533304  0.769195  0.693215  0.987358
 0.327750  0.548561  0.769195  0.693215  1.032238
 0.302809  0.562713  0.769195  0.693215  1.077117
 0.277258  0.575731  0.769195  0.693215  1.121997
 0.251148  0.587591  0.769195  0.693215  1.166877
 0.224533  0.598267  0.769195  0.693215  1.211757
 0.197466  0.607738  0.769195  0.693215  1.256637
 0.170001  0.615985  0.769195  0.693215  1.301517
 0.142194  0.622992  0.769195  0.693215  1.346397
 0.114100  0.628744  0.769195  0.693215  1.391277
 0.085777  0.633230  0.769195  0.693215  1.436157
 0.057281  0.636441  0.769195  0.693215  1.481037
 0.028669  0.638370  0.769195  0.693215  1.525916
 0.661265  0.014429  0.750014  0.722714  0.021817
 0.660006  0.043259  0.750014  0.722714  0.065450
 0.657491  0.072007  0.750014  0.722714  0.109083
 0.653725  0.100618  0.750014  0.722714  0.152716
 0.648713  0.129037  0.750014  0.722714  0.196350
 0.642467  0.157211  0.750014  0.722714  0.239983
 0.634999  0.185085  0.750014  0.722714  0.283616
 0.626321  0.212607  0.750014  0.722714  0.327249
 0.616451  0.239725  0.750014  0.722714  0.370882
 0.605408  0.266386  0.750014  0.722714  0.414516
 0.593212  0.292540  0.750014  0.722714  0.458149
 0.579887  0.318137  0.750014  0.722714  0.501782
 0.565458  0.343128  0.750014  0.722714  0.545415
 0.549953  0.367467  0.750014  0.722714  0.589049
 0.533401  0.391106  0.750014  0.722714  0.632682
 0.515833  0.414000  0.750014  0.722714  0.676315
 0.497284  0.436106  0.750014  0.722714  0.719948
 0.477788  0.457382  0.750014  0.722714  0.763582
 0.457382  0.477788  0.750014  0.722714  0.807215
 0.436106  0.497284  0.750014  0.722714  0.850848
 0.414000  0.515833  0.750014  0.722714  0.894481
 0.391106  0.533401  0.750014  0.722714  0.938114
 0.367467  0.549953  0.750014  0.722714  0.981748
 0.343128  0.565458  0.750014  0.722714  1.025381
 0.318137  0.579887  0.750014  0.722714  1.069014
 0.292540  0.593212  0.750014  0.722714  1.112647
 0.266386  0.605408  0.750014  0.722714  1.156281
 0.239725  0.616451  0.750014  0.722714  1.199914
 0.212607  0.626321  0.750014  0.722714  1.243547
 0.185085  0.634999  0.750014  0.722714  1.287180
 0.157211  0.642467  0.750014  0.722714  1.330814
 0.129037  0.648713  0.750014  0.722714  1.374447
 0.100618  0.653725  0.750014  0.722714  1.418080
 0.072007  0.657491  0.750014  0.722714  1.461713
 0.043259  0.660006  0.750014  0.722714  1.505346
 0.014429  0.661265  0.750014  0.722714  1.548980
 0.683256  0.000000  0.730179  0.752212  0.000000
 0.682640  0.028998  0.730179  0.752212  0.042454
 0.680794  0.057944  0.730179  0.752212  0.084908
 0.677722  0.086786  0.730179  0.752212  0.127362
 0.673428  0.115471  0.730179  0.752212  0.169816
 0.667920  0.143948  0.730179  0.752212  0.212270
 0.661209  0.172165  0.730179  0.752212  0.254724
 0.653306  0.200073  0.730179  0.752212  0.297178
 0.644227  0.227620  0.730179  0.752212  0.339632
 0.633986  0.254756  0.730179  0.752212  0.382086
 0.622602  0.281434  0.730179  0.752212  0.424540
 0.610097  0.307604  0.730179  0.752212  0.466994
 0.596492  0.333220  0.730179  0.752212  0.509447
 0.581812  0.358236  0.730179  0.752212  0.551901
 0.566084  0.382606  0.730179  0.752212  0.594355
 0.549336  0.406287  0.730179  0.752212  0.636809
 0.531597  0.429235  0.730179  0.752212  0.679263
 0.512901  0.451410  0.730179  0.752212  0.721717
 0.493281  0.472771  0.730179  0.752212  0.764171
 0.472771  0.493281  0.730179  0.752212  0.806625
 0.451410  0.512901  0.730179  0.752212  0.849079
 0.429235  0.531597  0.730179  0.752212  0.891533
 0.406287  0.549336  0.730179  0.752212  0.933987
 0.382606  0.566084  0.730179  0.752212  0.976441
 0.358236  0.581812  0.730179  0.752212  1.018895
 0.333220  0.596492  0.730179  0.752212  1.061349
 0.307604  0.610097  0.730179  0.752212  1.103803
 0.281434  0.622602  0.730179  0.752212  1.146257
 0.254756  0.633986  0.730179  0.752212  1.188711
 0.227620  0.644227  0.730179  0.752212  1.231165
 0.200073  0.653306  0.730179  0.752212  1.273619
 0.172165  0.661209  0.730179  0.752212  1.316073
 0.143948  0.667920  0.730179  0.752212  1.358527
 0.115471  0.673428  0.730179  0.752212  1.400981
 0.086786  0.677722  0.730179  0.752212  1.443434
 0.057944  0.680794  0.730179  0.752212  1.485888
 0.028998  0.682640  0.730179  0.752212  1.528342
 0.704344  0.014560  0.709709  0.781711  0.020668
 0.703141  0.043654  0.709709  0.781711  0.062005
 0.700736  0.072674  0.709709  0.781711  0.103342
 0.697134  0.101570  0.709709  0.781711  0.144679
 0.692341  0.130292  0.709709  0.781711  0.186015
 0.686366  0.158792  0.709709  0.781711  0.227352
 0.679217  0.187020  0.709709  0.781711  0.268689
 0.670908  0.214929  0.709709  0.781711  0.310026
 0.661453  0.242471  0.709709  0.781711  0.351362
 0.650868  0.269598  0.709709  0.781711  0.392699
 0.639171  0.296265  0.709709  0.781711  0.434036
 0.626382  0.322426  0.709709  0.781711  0.475373
 0.612523  0.348036  0.709709  0.781711  0.516709
 0.597617  0.373051  0.709709  0.781711  0.558046
 0.581690  0.397429  0.709709  0.781711  0.599383
 0.564769  0.421127  0.709709  0.781711  0.640720
 0.546884  0.444107  0.709709  0.781711  0.682056
 0.528064  0.466327  0.709709  0.781711  0.723393
 0.508342  0.487751  0.709709  0.781711  0.764730
 0.487751  0.508342  0.709709  0.781711  0.806067
 0.466327  0.528064  0.709709  0.781711  0.847403
 0.444107  0.546884  0.709709  0.781711  0.888740
 0.421127  0.564769  0.709709  0.781711  0.930077
 0.397429  0.581690  0.709709  0.781711  0.971414
 0.373051  0.597617  0.709709  0.781711  1.012750
 0.348036  0.612523  0.709709  0.781711  1.054087
 0.322426  0.626382  0.709709  0.781711  1.095424
 0.296265  0.639171  0.709709  0.781711  1.136760
 0.269598  0.650868  0.709709  0.781711  1.178097
 0.242471  0.661453  0.709709  0.781711  1.219434
 0.214929  0.670908  0.709709  0.781711  1.260771
 0.187020  0.679217  0.709709  0.781711  1.302107
 0.158792  0.686366  0.709709  0.781711  1.343444
 0.130292  0.692341  0.709709  0.781711  1.384781
 0.101570  0.697134  0.709709  0.781711  1.426118
 0.072674  0.700736  0.709709  0.781711  1.467454
 0.043654  0.703141  0.709709  0.781711  1.508791
 0.014560  0.704344  0.709709  0.781711  1.550128
 0.719834  0.087404  0.688622  0.811209  0.120830
 0.715730  0.116318  0.688622  0.811209  0.161107
 0.710466  0.145043  0.688622  0.811209  0.201384
 0.704050  0.173533  0.688622  0.811209  0.241661
 0.696491  0.201741  0.688622  0.811209  0.281938
 0.687803  0.229622  0.688622  0.811209  0.322215
 0.677999  0.257131  0.688622  0.811209  0.362491
 0.667096  0.284223  0.688622  0.811209  0.402768
 0.655110  0.310854  0.688622  0.811209  0.443045
 0.642062  0.336980  0.688622  0.811209  0.483322
 0.627973  0.362560  0.688622  0.811209  0.523599
 0.612865  0.387552  0.688622  0.811209  0.563876
 0.596762  0.411915  0.688622  0.811209  0.604152
 0.579692  0.435611  0.688622  0.811209  0.644429
 0.561682  0.458599  0.688622  0.811209  0.684706
 0.542760  0.480844  0.688622  0.811209  0.724983
 0.522959  0.502309  0.688622  0.811209  0.765260
 0.502309  0.522959  0.688622  0.811209  0.805537
 0.480844  0.542760  0.688622  0.811209  0.845813
 0.458599  0.561682  0.688622  0.811209  0.886090
 0.435611  0.579692  0.688622  0.811209  0.926367
 0.411915  0.596762  0.688622  0.811209  0.966644
 0.387552  0.612865  0.688622  0.811209  1.006921
 0.362560  0.627973  0.688622  0.811209  1.047198
 0.336980  0.642062  0.688622  0.811209  1.087474
 0.310854  0.655110  0.688622  0.811209  1.127751
 0.284223  0.667096  0.688622  0.811209  1.168028
 0.257131  0.677999  0.688622  0.811209  1.208305
 0.229622  0.687803  0.688622  0.811209  1.248582
 0.201741  0.696491  0.688622  0.811209  1.288859
 0.173533  0.704050  0.688622  0.811209  1.329135
 0.145043  0.710466  0.688622  0.811209  1.369412
 0.116318  0.715730  0.688622  0.811209  1.409689
 0.087404  0.719834  0.688622  0.811209  1.449966
 0.733511  0.130989  0.666936  0.840708  0.176715
 0.727803  0.159685  0.666936  0.840708  0.215984
 0.720973  0.188135  0.666936  0.840708  0.255254
 0.713031  0.216296  0.666936  0.840708  0.294524
 0.703990  0.244122  0.666936  0.840708  0.333794
 0.693863  0.271573  0.666936  0.840708  0.373064
 0.682666  0.298604  0.666936  0.840708  0.412334
 0.670416  0.325175  0.666936  0.840708  0.451604
 0.657133  0.351245  0.666936  0.840708  0.490874
 0.642837  0.376773  0.666936  0.840708  0.530144
 0.627549  0.401720  0.666936  0.840708  0.569414
 0.611294  0.426048  0.666936  0.840708  0.608684
 0.594096  0.449719  0.666936  0.840708  0.647953
 0.575982  0.472696  0.666936  0.840708  0.687223
 0.556980  0.494945  0.666936  0.840708  0.726493
 0.537119  0.516430  0.666936  0.840708  0.765763
 0.516430  0.537119  0.666936  0.840708  0.805033
 0.494945  0.556980  0.666936  0.840708  0.844303
 0.472696  0.575982  0.666936  0.840708  0.883573
 0.449719  0.594096  0.666936  0.840708  0.922843
 0.426048  0.611294  0.666936  0.840708  0.962113
 0.401720  0.627549  0.666936  0.840708  1.001383
 0.376773  0.642837  0.666936  0.840708  1.040653
 0.351245  0.657133  0.666936  0.840708  1.079922
 0.325175  0.670416  0.666936  0.840708  1.119192
 0.298604  0.682666  0.666936  0.840708  1.158462
 0.271573  0.693863  0.666936  0.840708  1.197732
 0.244122  0.703990  0.666936  0.840708  1.237002
 0.216296  0.713031  0.666936  0.840708  1.276272
 0.188135  0.720973  0.666936  0.840708  1.315542
 0.159685  0.727803  0.666936  0.840708  1.354812
 0.130989  0.733511  0.666936  0.840708  1.394082
 0.737135  0.202568  0.644669  0.870206  0.268185
 0.728835  0.230654  0.644669  0.870206  0.306497
 0.719466  0.258401  0.644669  0.870206  0.344809
 0.709040  0.285769  0.644669  0.870206  0.383121
 0.697574  0.312717  0.644669  0.870206  0.421433
 0.685085  0.339207  0.644669  0.870206  0.459745
 0.671589  0.365199  0.644669  0.870206  0.498057
 0.657108  0.390654  0.644669  0.870206  0.536369
 0.641663  0.415537  0.644669  0.870206  0.574682
 0.625276  0.439809  0.644669  0.870206  0.612994
 0.607971  0.463436  0.644669  0.870206  0.651306
 0.589774  0.486383  0.644669  0.870206  0.689618
 0.570712  0.508616  0.644669  0.870206  0.727930
 0.550811  0.530103  0.644669  0.870206  0.766242
 0.530103  0.550811  0.644669  0.870206  0.804554
 0.508616  0.570712  0.644669  0.870206  0.842866
 0.486383  0.589774  0.644669  0.870206  0.881178
 0.463436  0.607971  0.644669  0.870206  0.919491
 0.439809  0.625276  0.644669  0.870206  0.957803
 0.415537  0.641663  0.644669  0.870206  0.996115
 0.390654  0.657108  0.644669  0.870206  1.034427
 0.365199  0.671589  0.644669  0.870206  1.072739
 0.339207  0.685085  0.644669  0.870206  1.111051
 0.312717  0.697574  0.644669  0.870206  1.149363
 0.285769  0.709040  0.644669  0.870206  1.187675
 0.258401  0.719466  0.644669  0.870206  1.225987
 0.230654  0.728835  0.644669  0.870206  1.264299
 0.202568  0.737135  0.644669  0.870206  1.302612
 0.743903  0.244789  0.621841  0.899705  0.317899
 0.734230  0.272433  0.621841  0.899705  0.355299
 0.723530  0.299696  0.621841  0.899705  0.392699
 0.711818  0.326540  0.621841  0.899705  0.430099
 0.699111  0.352927  0.621841  0.899705  0.467499
 0.685426  0.378821  0.621841  0.899705  0.504899
 0.670782  0.404185  0.621841  0.899705  0.542299
 0.655200  0.428984  0.621841  0.899705  0.579699
 0.638701  0.453183  0.621841  0.899705  0.617099
 0.621309  0.476748  0.621841  0.899705  0.654498
 0.603049  0.499646  0.621841  0.899705  0.691898
 0.583945  0.521845  0.621841  0.899705  0.729298
 0.564024  0.543314  0.621841  0.899705  0.766698
 0.543314  0.564024  0.621841  0.899705  0.804098
 0.521845  0.583945  0.621841  0.899705  0.841498
 0.499646  0.603049  0.621841  0.899705  0.878898
 0.476748  0.621309  0.621841  0.899705  0.916298
 0.453183  0.638701  0.621841  0.899705  0.953698
 0.428984  0.655200  0.621841  0.899705  0.991098
 0.404185  0.670782  0.621841  0.899705  1.028498
 0.378821  0.685426  0.621841  0.899705  1.065898
 0.352927  0.699111  0.621841  0.899705  1.103297
 0.326540  0.711818  0.621841  0.899705  1.140697
 0.299696  0.723530  0.621841  0.899705  1.178097
 0.272433  0.734230  0.621841  0.899705  1.215497
 0.244789  0.743903  0.621841  0.899705  1.252897
 0.737329  0.313331  0.598472  0.929203  0.401832
 0.725394  0.340051  0.598472  0.929203  0.438362
 0.712491  0.366317  0.598472  0.929203  0.474892
 0.698637  0.392094  0.598472  0.929203  0.511422
 0.683851  0.417348  0.598472  0.929203  0.547952
 0.668152  0.442045  0.598472  0.929203  0.584482
 0.651562  0.466152  0.598472  0.929203  0.621013
 0.634102  0.489638  0.598472  0.929203  0.657543
 0.615797  0.512470  0.598472  0.929203  0.694073
 0.596669  0.534618  0.598472  0.929203  0.730603
 0.576746  0.556053  0.598472  0.929203  0.767133
 0.556053  0.576746  0.598472  0.929203  0.803663
 0.534618  0.596669  0.598472  0.929203  0.840193
 0.512470  0.615797  0.598472  0.929203  0.876724
 0.489638  0.634102  0.598472  0.929203  0.913254
 0.466152  0.651562  0.598472  0.929203  0.949784
 0.442045  0.668152  0.598472  0.929203  0.986314
 0.417348  0.683851  0.598472  0.929203  1.022844
 0.392094  0.698637  0.598472  0.929203  1.059374
 0.366317  0.712491  0.598472  0.929203  1.095904
 0.340051  0.725394  0.598472  0.929203  1.132435
 0.313331  0.737329  0.598472  0.929203  1.168965
 0.725220  0.379356  0.574583  0.958702  0.481949
 0.711218  0.404999  0.574583  0.958702  0.517649
 0.696309  0.430126  0.574583  0.958702  0.553349
 0.680513  0.454704  0.574583  0.958702  0.589049
 0.663850  0.478704  0.574583  0.958702  0.624749
 0.646341  0.502093  0.574583  0.958702  0.660448
 0.628009  0.524843  0.574583  0.958702  0.696148
 0.608876  0.546923  0.574583  0.958702  0.731848
 0.588967  0.568307  0.574583  0.958702  0.767548
 0.568307  0.588967  0.574583  0.958702  0.803248
 0.546923  0.608876  0.574583  0.958702  0.838948
 0.524843  0.628009  0.574583  0.958702  0.874648
 0.502093  0.646341  0.574583  0.958702  0.910348
 0.478704  0.663850  0.574583  0.958702  0.946048
 0.454704  0.680513  0.574583  0.958702  0.981748
 0.430126  0.696309  0.574583  0.958702  1.017448
 0.404999  0.711218  0.574583  0.958702  1.053148
 0.379356  0.725220  0.574583  0.958702  1.088847
 0.723163  0.417519  0.550193  0.988201  0.523599
 0.708152  0.442502  0.550193  0.988201  0.558505
 0.692277  0.466947  0.550193  0.988201  0.593412
 0.675559  0.490823  0.550193  0.988201  0.628319
 0.658018  0.514100  0.550193  0.988201  0.663225
 0.639676  0.536752  0.550193  0.988201  0.698132
 0.620554  0.558749  0.550193  0.988201  0.733038
 0.600676  0.580066  0.550193  0.988201  0.767945
 0.580066  0.600676  0.550193  0.988201  0.802851
 0.558749  0.620554  0.550193  0.988201  0.837758
 0.536752  0.639676  0.550193  0.988201  0.872665
 0.514100  0.658018  0.550193  0.988201  0.907571
 0.490823  0.675559  0.550193  0.988201  0.942478
 0.466947  0.692277  0.550193  0.988201  0.977384
 0.442502  0.708152  0.550193  0.988201  1.012291
 0.417519  0.723163  0.550193  0.988201  1.047198
 0.703437  0.478758  0.525325  1.017699  0.597586
 0.686682  0.502495  0.525325  1.017699  0.631733
 0.669126  0.525646  0.525325  1.017699  0.665881
 0.650790  0.548185  0.525325  1.017699  0.700029
 0.631695  0.570084  0.525325  1.017699  0.734177
 0.611863  0.591318  0.525325  1.017699  0.768324
 0.591318  0.611863  0.525325  1.017699  0.802472
 0.570084  0.631695  0.525325  1.017699  0.836620
 0.548185  0.650790  0.525325  1.017699  0.870768
 0.525646  0.669126  0.525325  1.017699  0.904915
 0.502495  0.686682  0.525325  1.017699  0.939063
 0.478758  0.703437  0.525325  1.017699  0.973211
 0.679656  0.536719  0.500000  1.047198  0.668424
 0.661342  0.559130  0.500000  1.047198  0.701845
 0.642290  0.580917  0.500000  1.047198  0.735266
 0.622520  0.602054  0.500000  1.047198  0.768688
 0.602054  0.622520  0.500000  1.047198  0.802109
 0.580917  0.642290  0.500000  1.047198  0.835530
 0.559130  0.661342  0.500000  1.047198  0.868951
 0.536719  0.679656  0.500000  1.047198  0.902372
