 0.010478  0.010478  0.999890  0.014819  0.785398
 0.044442  0.000000  0.999012  0.044456  0.000000
 0.031425  0.031425  0.999012  0.044456  0.785398
 0.072604  0.014442  0.997256  0.074094  0.196350
 0.061551  0.041127  0.997256  0.074094  0.589049
 0.041127  0.061551  0.997256  0.074094  0.981748
 0.014442  0.072604  0.997256  0.074094  1.374447
 0.103546  0.000000  0.994625  0.103732  0.000000
 0.098478  0.031997  0.994625  0.103732  0.314159
 0.083770  0.060863  0.994625  0.103732  0.628319
 0.060863  0.083770  0.994625  0.103732  0.942478
 0.031997  0.098478  0.994625  0.103732  1.256637
 0.132138  0.014888  0.991119  0.133369  0.112200
 0.125512  0.043919  0.991119  0.133369  0.336599
 0.112593  0.070747  0.991119  0.133369  0.560999
 0.094027  0.094027  0.991119  0.133369  0.785398
 0.070747  0.112593  0.991119  0.133369  1.009798
 0.043919  0.125512  0.991119  0.133369  1.234197
 0.014888  0.132138  0.991119  0.133369  1.458597
 0.162286  0.000000  0.986744  0.163007  0.000000
 0.159821  0.028181  0.986744  0.163007  0.174533
 0.152499  0.055505  0.986744  0.163007  0.349066
 0.140544  0.081143  0.986744  0.163007  0.523599
 0.124318  0.104316  0.986744  0.163007  0.698132
 0.104316  0.124318  0.986744  0.163007  0.872665
 0.081143  0.140544  0.986744  0.163007  1.047198
 0.055505  0.152499  0.986744  0.163007  1.221730
 0.028181  0.159821  0.986744  0.163007  1.396263
 0.190865  0.015021  0.981501  0.192645  0.078540
 0.186166  0.044694  0.981501  0.192645  0.235619
 0.176882  0.073267  0.981501  0.192645  0.392699
 0.163243  0.100035  0.981501  0.192645  0.549779
 0.145584  0.124340  0.981501  0.192645  0.706858
 0.124340  0.145584  0.981501  0.192645  0.863938
 0.100035  0.163243  0.981501  0.192645  1.021018
 0.073267  0.176882  0.981501  0.192645  1.178097
 0.044694  0.186166  0.981501  0.192645  1.335177
 0.015021  0.190865  0.981501  0.192645  1.492257
 0.220457  0.000000  0.975397  0.222282  0.000000
 0.218571  0.028775  0.975397  0.222282  0.130900
 0.212945  0.057058  0.975397  0.222282  0.261799
 0.203675  0.084365  0.975397  0.222282  0.392699
 0.190921  0.110228  0.975397  0.222282  0.523599
 0.174900  0.134205  0.975397  0.222282  0.654498
 0.155886  0.155886  0.975397  0.222282  0.785398
 0.134205  0.174900  0.975397  0.222282  0.916298
 0.110228  0.190921  0.975397  0.222282  1.047198
 0.084365  0.203675  0.975397  0.222282  1.178097
 0.057058  0.212945  0.975397  0.222282  1.308997
 0.028775  0.218571  0.975397  0.222282  1.439897
 0.248809  0.015050  0.968436  0.251920  0.060415
 0.245181  0.044931  0.968436  0.251920  0.181246
 0.237978  0.074157  0.968436  0.251920  0.302076
 0.227304  0.102301  0.968436  0.251920  0.422907
 0.213315  0.128954  0.968436  0.251920  0.543737
 0.196216  0.153726  0.968436  0.251920  0.664568
 0.176256  0.176256  0.968436  0.251920  0.785398
 0.153726  0.196216  0.968436  0.251920  0.906229
 0.128954  0.213315  0.968436  0.251920  1.027059
 0.102301  0.227304  0.968436  0.251920  1.147890
 0.074157  0.237978  0.968436  0.251920  1.268720
 0.044931  0.245181  0.968436  0.251920  1.389551
 0.015050  0.248809  0.968436  0.251920  1.510381
 0.277852  0.000000  0.960624  0.281558  0.000000
 0.276330  0.029043  0.960624  0.281558  0.104720
 0.271781  0.057769  0.960624  0.281558  0.209440
 0.264253  0.085861  0.960624  0.281558  0.314159
 0.253831  0.113013  0.960624  0.281558  0.418879
 0.240627  0.138926  0.960624  0.281558  0.523599
 0.224787  0.163318  0.960624  0.281558  0.628319
 0.206485  0.185920  0.960624  0.281558  0.733038
 0.185920  0.206485  0.960624  0.281558  0.837758
 0.163318  0.224787  0.960624  0.281558  0.942478
 0.138926  0.240627  0.960624  0.281558  1.047198
 0.113013  0.253831  0.960624  0.281558  1.151917
 0.085861  0.264253  0.960624  0.281558  1.256637
 0.057769  0.271781  0.960624  0.281558  1.361357
 0.029043  0.276330  0.960624  0.281558  1.466077
 0.305828  0.015024  0.951968  0.311195  0.049087
 0.302883  0.044928  0.951968  0.311195  0.147262
 0.297021  0.074400  0.951968  0.311195  0.245437
 0.288298  0.103155  0.951968  0.311195  0.343612
 0.276799  0.130916  0.951968  0.311195  0.441786
 0.262634  0.157417  0.951968  0.311195  0.539961
 0.245940  0.182401  0.951968  0.311195  0.638136
 0.226877  0.205629  0.951968  0.311195  0.736311
 0.205629  0.226877  0.951968  0.311195  0.834486
 0.182401  0.245940  0.951968  0.311195  0.932660
 0.157417  0.262634  0.951968  0.311195  1.030835
 0.130916  0.276799  0.951968  0.311195  1.129010
 0.103155  0.288298  0.951968  0.311195  1.227185
 0.074400  0.297021  0.951968  0.311195  1.325359
 0.044928  0.302883  0.951968  0.311195  1.423534
 0.015024  0.305828  0.951968  0.311195  1.521709
 0.334272  0.000000  0.942476  0.340833  0.000000
 0.333000  0.029134  0.942476  0.340833  0.087266
 0.329194  0.058046  0.942476  0.340833  0.174533
 0.322882  0.086516  0.942476  0.340833  0.261799
 0.314113  0.114328  0.942476  0.340833  0.349066
 0.302954  0.141270  0.942476  0.340833  0.436332
 0.289488  0.167136  0.942476  0.340833  0.523599
 0.273820  0.191731  0.942476  0.340833  0.610865
 0.256068  0.214866  0.942476  0.340833  0.698132
 0.236366  0.236366  0.942476  0.340833  0.785398
 0.214866  0.256068  0.942476  0.340833  0.872665
 0.191731  0.273820  0.942476  0.340833  0.959931
 0.167136  0.289488  0.942476  0.340833  1.047198
 0.141270  0.302954  0.942476  0.340833  1.134464
 0.114328  0.314113  0.942476  0.340833  1.221730
 0.086516  0.322882  0.942476  0.340833  1.308997
 0.058046  0.329194  0.942476  0.340833  1.396263
 0.029134  0.333000  0.942476  0.340833  1.483530
 0.361745  0.014962  0.932157  0.370471  0.041337
 0.359274  0.044783  0.932157  0.370471  0.124010
 0.354349  0.074299  0.932157  0.370471  0.206684
 0.347003  0.103307  0.932157  0.370471  0.289357
 0.337287  0.131610  0.932157  0.370471  0.372031
 0.325266  0.159013  0.932157  0.370471  0.454704
 0.311024  0.185330  0.932157  0.370471  0.537378
 0.294657  0.210381  0.932157  0.370471  0.620051
 0.276278  0.233995  0.932157  0.370471  0.702725
 0.256011  0.256011  0.932157  0.370471  0.785398
 0.233995  0.276278  0.932157  0.370471  0.868072
 0.210381  0.294657  0.932157  0.370471  0.950745
 0.185330  0.311024  0.932157  0.370471  1.033419
 0.159013  0.325266  0.932157  0.370471  1.116092
 0.131610  0.337287  0.932157  0.370471  1.198766
 0.103307  0.347003  0.932157  0.370471  1.281439
 0.074299  0.354349  0.932157  0.370471  1.364113
 0.044783  0.359274  0.932157  0.370471  1.446786
 0.014962  0.361745  0.932157  0.370471  1.529460
 0.389518  0.000000  0.921019  0.400108  0.000000
 0.388429  0.029109  0.921019  0.400108  0.074800
 0.385168  0.058055  0.921019  0.400108  0.149600
 0.379752  0.086676  0.921019  0.400108  0.224399
 0.372213  0.114813  0.921019  0.400108  0.299199
 0.362592  0.142307  0.921019  0.400108  0.373999
 0.350944  0.169006  0.921019  0.400108  0.448799
 0.337333  0.194759  0.921019  0.400108  0.523599
 0.321835  0.219423  0.921019  0.400108  0.598399
 0.304538  0.242861  0.921019  0.400108  0.673198
 0.285537  0.264940  0.921019  0.400108  0.747998
 0.264940  0.285537  0.921019  0.400108  0.822798
 0.242861  0.304538  0.921019  0.400108  0.897598
 0.219423  0.321835  0.921019  0.400108  0.972398
 0.194759  0.337333  0.921019  0.400108  1.047198
 0.169006  0.350944  0.921019  0.400108  1.121997
 0.142307  0.362592  0.921019  0.400108  1.196797
 0.114813  0.372213  0.921019  0.400108  1.271597
 0.086676  0.379752  0.921019  0.400108  1.346397
 0.058055  0.385168  0.921019  0.400108  1.421197
 0.029109  0.388429  0.921019  0.400108  1.495997
 0.416375  0.014871  0.909072  0.429746  0.035700
 0.414253  0.044537  0.909072  0.429746  0.107100
 0.410020  0.073976  0.909072  0.429746  0.178500
 0.403698  0.103038  0.909072  0.429746  0.249899
 0.395319  0.131575  0.909072  0.429746  0.321299
 0.384925  0.159441  0.909072  0.429746  0.392699
 0.372570  0.186495  0.909072  0.429746  0.464099
 0.358316  0.212599  0.909072  0.429746  0.535499
 0.342237  0.237619  0.909072  0.429746  0.606899
 0.324413  0.261429  0.909072  0.429746  0.678298
 0.304937  0.283906  0.909072  0.429746  0.749698
 0.283906  0.304937  0.909072  0.429746  0.821098
 0.261429  0.324413  0.909072  0.429746  0.892498
 0.237619  0.342237  0.909072  0.429746  0.963898
 0.212599  0.358316  0.909072  0.429746  1.035298
 0.186495  0.372570  0.909072  0.429746  1.106697
 0.159441  0.384925  0.909072  0.429746  1.178097
 0.131575  0.395319  0.909072  0.429746  1.249497
 0.103038  0.403698  0.909072  0.429746  1.320897
 0.073976  0.410020  0.909072  0.429746  1.392297
 0.044537  0.414253  0.909072  0.429746  1.463697
 0.014871  0.416375  0.909072  0.429746  1.535096
 0.443396  0.000000  0.896326  0.459384  0.000000
 0.442362  0.030258  0.896326  0.459384  0.068295
 0.439266  0.060376  0.896326  0.459384  0.136591
 0.434122  0.090212  0.896326  0.459384  0.204886
 0.426954  0.119627  0.896326  0.459384  0.273182
 0.417795  0.148484  0.896326  0.459384  0.341477
 0.406688  0.176649  0.896326  0.459384  0.409773
 0.393685  0.203991  0.896326  0.459384  0.478068
 0.378846  0.230381  0.896326  0.459384  0.546364
 0.362241  0.255698  0.896326  0.459384  0.614659
 0.343947  0.279822  0.896326  0.459384  0.682955
 0.324050  0.302641  0.896326  0.459384  0.751250
 0.302641  0.324050  0.896326  0.459384  0.819546
 0.279822  0.343947  0.896326  0.459384  0.887841
 0.255698  0.362241  0.896326  0.459384  0.956137
 0.230381  0.378846  0.896326  0.459384  1.024432
 0.203991  0.393685  0.896326  0.459384  1.092728
 0.176649  0.406688  0.896326  0.459384  1.161023
 0.148484  0.417795  0.896326  0.459384  1.229319
 0.119627  0.426954  0.896326  0.459384  1.297614
 0.090212  0.434122  0.896326  0.459384  1.365910
 0.060376  0.439266  0.896326  0.459384  1.434205
 0.030258  0.442362  0.896326  0.459384  1.502501
 0.469530  0.014756  0.882793  0.489021  0.031416
 0.467677  0.044209  0.882793  0.489021  0.094248
 0.463979  0.073487  0.882793  0.489021  0.157080
 0.458449  0.102475  0.882793  0.489021  0.219911
 0.451110  0.131060  0.882793  0.489021  0.282743
 0.441990  0.159126  0.882793  0.489021  0.345575
 0.431127  0.186565  0.882793  0.489021  0.408407
 0.418561  0.213268  0.882793  0.489021  0.471239
 0.404344  0.239128  0.882793  0.489021  0.534071
 0.388531  0.264046  0.882793  0.489021  0.596903
 0.371185  0.287921  0.882793  0.489021  0.659734
 0.352374  0.310659  0.882793  0.489021  0.722566
 0.332172  0.332172  0.882793  0.489021  0.785398
 0.310659  0.352374  0.882793  0.489021  0.848230
 0.287921  0.371185  0.882793  0.489021  0.911062
 0.264046  0.388531  0.882793  0.489021  0.973894
 0.239128  0.404344  0.882793  0.489021  1.036726
 0.213268  0.418561  0.882793  0.489021  1.099557
 0.186565  0.431127  0.882793  0.489021  1.162389
 0.159126  0.441990  0.882793  0.489021  1.225221
 0.131060  0.451110  0.882793  0.489021  1.288053
 0.102475  0.458449  0.882793  0.489021  1.350885
 0.073487  0.463979  0.882793  0.489021  1.413717
 0.044209  0.467677  0.882793  0.489021  1.476549
 0.014756  0.469530  0.882793  0.489021  1.539380
 0.495716  0.000000  0.868485  0.518659  0.000000
 0.494812  0.029931  0.868485  0.518659  0.060415
 0.492102  0.059752  0.868485  0.518659  0.120830
 0.487596  0.089355  0.868485  0.518659  0.181246
 0.481311  0.118633  0.868485  0.518659  0.241661
 0.473270  0.147477  0.868485  0.518659  0.302076
 0.463503  0.175783  0.868485  0.518659  0.362491
 0.452043  0.203448  0.868485  0.518659  0.422907
 0.438935  0.230371  0.868485  0.518659  0.483322
 0.424225  0.256453  0.868485  0.518659  0.543737
 0.407966  0.281599  0.868485  0.518659  0.604152
 0.390220  0.305717  0.868485  0.518659  0.664568
 0.371049  0.328721  0.868485  0.518659  0.724983
 0.350524  0.350524  0.868485  0.518659  0.785398
 0.328721  0.371049  0.868485  0.518659  0.845813
 0.305717  0.390220  0.868485  0.518659  0.906229
 0.281599  0.407966  0.868485  0.518659  0.966644
 0.256453  0.424225  0.868485  0.518659  1.027059
 0.230371  0.438935  0.868485  0.518659  1.087474
 0.203448  0.452043  0.868485  0.518659  1.147890
 0.175783  0.463503  0.868485  0.518659  1.208305
 0.147477  0.473270  0.868485  0.518659  1.268720
 0.118633  0.481311  0.868485  0.518659  1.329135
 0.089355  0.487596  0.868485  0.518659  1.389551
 0.059752  0.492102  0.868485  0.518659  1.449966
 0.029931  0.494812  0.868485  0.518659  1.510381
 0.521029  0.014619  0.853414  0.548297  0.028050
 0.519390  0.043810  0.853414  0.548297  0.084150
 0.516117  0.072864  0.853414  0.548297  0.140250
 0.511219  0.101688  0.853414  0.548297  0.196350
 0.504713  0.130192  0.853414  0.548297  0.252449
 0.496619  0.158287  0.853414  0.548297  0.308549
 0.486963  0.185883  0.853414  0.548297  0.364649
 0.475774  0.212895  0.853414  0.548297  0.420749
 0.463088  0.239237  0.853414  0.548297  0.476849
 0.448946  0.264826  0.853414  0.548297  0.532949
 0.433391  0.289582  0.853414  0.548297  0.589049
 0.416472  0.313427  0.853414  0.548297  0.645148
 0.398243  0.336286  0.853414  0.548297  0.701248
 0.378760  0.358086  0.853414  0.548297  0.757348
 0.358086  0.378760  0.853414  0.548297  0.813448
 0.336286  0.398243  0.853414  0.548297  0.869548
 0.313427  0.416472  0.853414  0.548297  0.925648
 0.289582  0.433391  0.853414  0.548297  0.981748
 0.264826  0.448946  0.853414  0.548297  1.037848
 0.239237  0.463088  0.853414  0.548297  1.093947
 0.212895  0.475774  0.853414  0.548297  1.150047
 0.185883  0.486963  0.853414  0.548297  1.206147
 0.158287  0.496619  0.853414  0.548297  1.262247
 0.130192  0.504713  0.853414  0.548297  1.318347
 0.101688  0.511219  0.853414  0.548297  1.374447
 0.072864  0.516117  0.853414  0.548297  1.430547
 0.043810  0.519390  0.853414  0.548297  1.486647
 0.014619  0.521029  0.853414  0.548297  1.542746
 0.546295  0.000000  0.837593  0.577934  0.000000
 0.545494  0.029576  0.837593  0.577934  0.054165
 0.543093  0.059065  0.837593  0.577934  0.108331
 0.539098  0.088381  0.837593  0.577934  0.162496
 0.533523  0.117437  0.837593  0.577934  0.216662
 0.526383  0.146149  0.837593  0.577934  0.270827
 0.517698  0.174433  0.837593  0.577934  0.324992
 0.507495  0.202205  0.837593  0.577934  0.379158
 0.495804  0.229383  0.837593  0.577934  0.433323
 0.482658  0.255889  0.837593  0.577934  0.487489
 0.468097  0.281645  0.837593  0.577934  0.541654
 0.452162  0.306574  0.837593  0.577934  0.595819
 0.434902  0.330604  0.837593  0.577934  0.649985
 0.416365  0.353664  0.837593  0.577934  0.704150
 0.396608  0.375687  0.837593  0.577934  0.758315
 0.375687  0.396608  0.837593  0.577934  0.812481
 0.353664  0.416365  0.837593  0.577934  0.866646
 0.330604  0.434902  0.837593  0.577934  0.920812
 0.306574  0.452162  0.837593  0.577934  0.974977
 0.281645  0.468097  0.837593  0.577934  1.029142
 0.255889  0.482658  0.837593  0.577934  1.083308
 0.229383  0.495804  0.837593  0.577934  1.137473
 0.202205  0.507495  0.837593  0.577934  1.191639
 0.174433  0.517698  0.837593  0.577934  1.245804
 0.146149  0.526383  0.837593  0.577934  1.299969
 0.117437  0.533523  0.837593  0.577934  1.354135
 0.088381  0.539098  0.837593  0.577934  1.408300
 0.059065  0.543093  0.837593  0.577934  1.462466
 0.029576  0.545494  0.837593  0.577934  1.516631
 0.570680  0.014944  0.821036  0.607572  0.026180
 0.569116  0.044790  0.821036  0.607572  0.078540
 0.565992  0.074514  0.821036  0.607572  0.130900
 0.561316  0.104034  0.821036  0.607572  0.183260
 0.555102  0.133268  0.821036  0.607572  0.235619
 0.547367  0.162137  0.821036  0.607572  0.287979
 0.538131  0.190562  0.821036  0.607572  0.340339
 0.527420  0.218465  0.821036  0.607572  0.392699
 0.515264  0.245768  0.821036  0.607572  0.445059
 0.501695  0.272398  0.821036  0.607572  0.497419
 0.486752  0.298282  0.821036  0.607572  0.549779
 0.470474  0.323348  0.821036  0.607572  0.602139
 0.452906  0.347527  0.821036  0.607572  0.654498
 0.434097  0.370754  0.821036  0.607572  0.706858
 0.414099  0.392965  0.821036  0.607572  0.759218
 0.392965  0.414099  0.821036  0.607572  0.811578
 0.370754  0.434097  0.821036  0.607572  0.863938
 0.347527  0.452906  0.821036  0.607572  0.916298
 0.323348  0.470474  0.821036  0.607572  0.968658
 0.298282  0.486752  0.821036  0.607572  1.021018
 0.272398  0.501695  0.821036  0.607572  1.073377
 0.245768  0.515264  0.821036  0.607572  1.125737
 0.218465  0.527420  0.821036  0.607572  1.178097
 0.190562  0.538131  0.821036  0.607572  1.230457
 0.162137  0.547367  0.821036  0.607572  1.282817
 0.133268  0.555102  0.821036  0.607572  1.335177
 0.104034  0.561316  0.821036  0.607572  1.387537
 0.074514  0.565992  0.821036  0.607572  1.439897
 0.044790  0.569116  0.821036  0.607572  1.492257
 0.014944  0.570680  0.821036  0.607572  1.544616
 0.594955  0.000000  0.803759  0.637210  0.000000
 0.594238  0.029193  0.803759  0.637210  0.049087
 0.592090  0.058316  0.803759  0.637210  0.098175
 0.588516  0.087298  0.803759  0.637210  0.147262
 0.583523  0.116070  0.803759  0.637210  0.196350
 0.577125  0.144562  0.803759  0.637210  0.245437
 0.569337  0.172706  0.803759  0.637210  0.294524
 0.560176  0.200434  0.803759  0.637210  0.343612
 0.549667  0.227679  0.803759  0.637210  0.392699
 0.537833  0.254376  0.803759  0.637210  0.441786
 0.524704  0.280460  0.803759  0.637210  0.490874
 0.510310  0.305868  0.803759  0.637210  0.539961
 0.494687  0.330539  0.803759  0.637210  0.589049
 0.477872  0.354414  0.803759  0.637210  0.638136
 0.459907  0.377436  0.803759  0.637210  0.687223
 0.440833  0.399547  0.803759  0.637210  0.736311
 0.420697  0.420697  0.803759  0.637210  0.785398
 0.399547  0.440833  0.803759  0.637210  0.834486
 0.377436  0.459907  0.803759  0.637210  0.883573
 0.354414  0.477872  0.803759  0.637210  0.932660
 0.330539  0.494687  0.803759  0.637210  0.981748
 0.305868  0.510310  0.803759  0.637210  1.030835
 0.280460  0.524704  0.803759  0.637210  1.079922
 0.254376  0.537833  0.803759  0.637210  1.129010
 0.227679  0.549667  0.803759  0.637210  1.178097
 0.200434  0.560176  0.803759  0.637210  1.227185
 0.172706  0.569337  0.803759  0.637210  1.276272
 0.144562  0.577125  0.803759  0.637210  1.325359
 0.116070  0.583523  0.803759  0.637210  1.374447
 0.087298  0.588516  0.803759  0.637210  1.423534
 0.058316  0.592090  0.803759  0.637210  1.472622
 0.029193  0.594238  0.803759  0.637210  1.521709
 0.618337  0.014719  0.785775  0.666847  0.023800
 0.616936  0.044124  0.785775  0.666847  0.071400
 0.614138  0.073429  0.785775  0.666847  0.119000
 0.609948  0.102568  0.785775  0.666847  0.166600
 0.604377  0.131474  0.785775  0.666847  0.214199
 0.597437  0.160083  0.785775  0.666847  0.261799
 0.589143  0.188329  0.785775  0.666847  0.309399
 0.579515  0.216148  0.785775  0.666847  0.356999
 0.568573  0.243477  0.785775  0.666847  0.404599
 0.556344  0.270255  0.785775  0.666847  0.452199
 0.542855  0.296421  0.785775  0.666847  0.499799
 0.528136  0.321916  0.785775  0.666847  0.547399
 0.512220  0.346681  0.785775  0.666847  0.594999
 0.495144  0.370660  0.785775  0.666847  0.642598
 0.476947  0.393800  0.785775  0.666847  0.690198
 0.457669  0.416048  0.785775  0.666847  0.737798
 0.437354  0.437354  0.785775  0.666847  0.785398
 0.416048  0.457669  0.785775  0.666847  0.832998
 0.393800  0.476947  0.785775  0.666847  0.880598
 0.370660  0.495144  0.785775  0.666847  0.928198
 0.346681  0.512220  0.785775  0.666847  0.975798
 0.321916  0.528136  0.785775  0.666847  1.023398
 0.296421  0.542855  0.785775  0.666847  1.070997
 0.270255  0.556344  0.785775  0.666847  1.118597
 0.243477  0.568573  0.785775  0.666847  1.166197
 0.216148  0.579515  0.785775  0.666847  1.213797
 0.188329  0.589143  0.785775  0.666847  1.261397
 0.160083  0.597437  0.785775  0.666847  1.308997
 0.131474  0.604377  0.785775  0.666847  1.356597
 0.102568  0.609948  0.785775  0.666847  1.404197
 0.073429  0.614138  0.785775  0.666847  1.451797
 0.044124  0.616936  0.785775  0.666847  1.499396
 0.014719  0.618337  0.785775  0.666847  1.546996
 0.641525  0.000000  0.767102  0.696485  0.000000
 0.640841  0.029628  0.767102  0.696485  0.046200
 0.638789  0.059192  0.767102  0.696485  0.092400
 0.635373  0.088631  0.767102  0.696485  0.138600
 0.630602  0.117880  0.767102  0.696485  0.184800
 0.624485  0.146878  0.767102  0.696485  0.230999
 0.617036  0.175562  0.767102  0.696485  0.277199
 0.608269  0.203871  0.767102  0.696485  0.323399
 0.598205  0.231746  0.767102  0.696485  0.369599
 0.586864  0.259126  0.767102  0.696485  0.415799
 0.574270  0.285952  0.767102  0.696485  0.461999
 0.560451  0.312169  0.767102  0.696485  0.508199
 0.545436  0.337720  0.767102  0.696485  0.554399
 0.529257  0.362549  0.767102  0.696485  0.600599
 0.511948  0.386605  0.767102  0.696485  0.646798
 0.493547  0.409836  0.767102  0.696485  0.692998
 0.474093  0.432193  0.767102  0.696485  0.739198
 0.453627  0.453627  0.767102  0.696485  0.785398
 0.432193  0.474093  0.767102  0.696485  0.831598
 0.409836  0.493547  0.767102  0.696485  0.877798
 0.386605  0.511948  0.767102  0.696485  0.923998
 0.362549  0.529257  0.767102  0.696485  0.970198
 0.337720  0.545436  0.767102  0.696485  1.016398
 0.312169  0.560451  0.767102  0.696485  1.062598
 0.285952  0.574270  0.767102  0.696485  1.108797
 0.259126  0.586864  0.767102  0.696485  1.154997
 0.231746  0.598205  0.767102  0.696485  1.201197
 0.203871  0.608269  0.767102  0.696485  1.247397
 0.175562  0.617036  0.767102  0.696485  1.293597
 0.146878  0.624485  0.767102  0.696485  1.339797
 0.117880  0.630602  0.767102  0.696485  1.385997
 0.088631  0.635373  0.767102  0.696485  1.432197
 0.059192  0.638789  0.767102  0.696485  1.478397
 0.029628  0.640841  0.767102  0.696485  1.524596
 0.663808  0.014898  0.747754  0.726123  0.022440
 0.662471  0.044665  0.747754  0.726123  0.067320
 0.659801  0.074342  0.747754  0.726123  0.112200
 0.655801  0.103869  0.747754  0.726123  0.157080
 0.650480  0.133186  0.747754  0.726123  0.201960
 0.643850  0.162236  0.747754  0.726123  0.246839
 0.635923  0.190959  0.747754  0.726123  0.291719
 0.626715  0.219297  0.747754  0.726123  0.336599
 0.616246  0.247194  0.747754  0.726123  0.381479
 0.604535  0.274593  0.747754  0.726123  0.426359
 0.591606  0.301439  0.747754  0.726123  0.471239
 0.577487  0.327677  0.747754  0.726123  0.516119
 0.562204  0.353256  0.747754  0.726123  0.560999
 0.545789  0.378124  0.747754  0.726123  0.605879
 0.528275  0.402230  0.747754  0.726123  0.650758
 0.509697  0.425526  0.747754  0.726123  0.695638
 0.490093  0.447965  0.747754  0.726123  0.740518
 0.469502  0.469502  0.747754  0.726123  0.785398
 0.447965  0.490093  0.747754  0.726123  0.830278
 0.425526  0.509697  0.747754  0.726123  0.875158
 0.402230  0.528275  0.747754  0.726123  0.920038
 0.378124  0.545789  0.747754  0.726123  0.964918
 0.353256  0.562204  0.747754  0.726123  1.009798
 0.327677  0.577487  0.747754  0.726123  1.054678
 0.301439  0.591606  0.747754  0.726123  1.099557
 0.274593  0.604535  0.747754  0.726123  1.144437
 0.247194  0.616246  0.747754  0.726123  1.189317
 0.219297  0.626715  0.747754  0.726123  1.234197
 0.190959  0.635923  0.747754  0.726123  1.279077
 0.162236  0.643850  0.747754  0.726123  1.323957
 0.133186  0.650480  0.747754  0.726123  1.368837
 0.103869  0.655801  0.747754  0.726123  1.413717
 0.074342  0.659801  0.747754  0.726123  1.458597
 0.044665  0.662471  0.747754  0.726123  1.503476
 0.014898  0.663808  0.747754  0.726123  1.548356
 0.685842  0.000000  0.727750  0.755760  0.000000
 0.685190  0.029916  0.727750  0.755760  0.043633
 0.683232  0.059775  0.727750  0.755760  0.087266
 0.679975  0.089520  0.727750  0.755760  0.130900
 0.675423  0.119095  0.727750  0.755760  0.174533
 0.669585  0.148443  0.727750  0.755760  0.218166
 0.662473  0.177509  0.727750  0.755760  0.261799
 0.654099  0.206237  0.727750  0.755760  0.305433
 0.644481  0.234572  0.727750  0.755760  0.349066
 0.633636  0.262460  0.727750  0.755760  0.392699
 0.621584  0.289849  0.727750  0.755760  0.436332
 0.608350  0.316687  0.727750  0.755760  0.479966
 0.593957  0.342921  0.727750  0.755760  0.523599
 0.578434  0.368503  0.727750  0.755760  0.567232
 0.561809  0.393383  0.727750  0.755760  0.610865
 0.544115  0.417514  0.727750  0.755760  0.654498
 0.525386  0.440851  0.727750  0.755760  0.698132
 0.505656  0.463348  0.727750  0.755760  0.741765
 0.484964  0.484964  0.727750  0.755760  0.785398
 0.463348  0.505656  0.727750  0.755760  0.829031
 0.440851  0.525386  0.727750  0.755760  0.872665
 0.417514  0.544115  0.727750  0.755760  0.916298
 0.393383  0.561809  0.727750  0.755760  0.959931
 0.368503  0.578434  0.727750  0.755760  1.003564
 0.342921  0.593957  0.727750  0.755760  1.047198
 0.316687  0.608350  0.727750  0.755760  1.090831
 0.289849  0.621584  0.727750  0.755760  1.134464
 0.262460  0.633636  0.727750  0.755760  1.178097
 0.234572  0.644481  0.727750  0.755760  1.221730
 0.206237  0.654099  0.727750  0.755760  1.265364
 0.177509  0.662473  0.727750  0.755760  1.308997
 0.148443  0.669585  0.727750  0.755760  1.352630
 0.119095  0.675423  0.727750  0.755760  1.396263
 0.089520  0.679975  0.727750  0.755760  1.439897
 0.059775  0.683232  0.727750  0.755760  1.483530
 0.029916  0.685190  0.727750  0.755760  1.527163
 0.706947  0.015009  0.707107  0.785398  0.021227
 0.705674  0.044999  0.707107  0.785398  0.063681
 0.703128  0.074908  0.707107  0.785398  0.106135
 0.699315  0.104682  0.707107  0.785398  0.148589
 0.694242  0.134267  0.707107  0.785398  0.191043
 0.687918  0.163611  0.707107  0.785398  0.233497
 0.680355  0.192660  0.707107  0.785398  0.275951
 0.671565  0.221361  0.707107  0.785398  0.318405
 0.661565  0.249664  0.707107  0.785398  0.360859
 0.650373  0.277516  0.707107  0.785398  0.403313
 0.638009  0.304869  0.707107  0.785398  0.445767
 0.624495  0.331672  0.707107  0.785398  0.488220
 0.609856  0.357877  0.707107  0.785398  0.530674
 0.594117  0.383438  0.707107  0.785398  0.573128
 0.577308  0.408308  0.707107  0.785398  0.615582
 0.559459  0.432441  0.707107  0.785398  0.658036
 0.540602  0.455796  0.707107  0.785398  0.700490
 0.520770  0.478329  0.707107  0.785398  0.742944
 0.500000  0.500000  0.707107  0.785398  0.785398
 0.478329  0.520770  0.707107  0.785398  0.827852
 0.455796  0.540602  0.707107  0.785398  0.870306
 0.432441  0.559459  0.707107  0.785398  0.912760
 0.408308  0.577308  0.707107  0.785398  0.955214
 0.383438  0.594117  0.707107  0.785398  0.997668
 0.357877  0.609856  0.707107  0.785398  1.040122
 0.331672  0.624495  0.707107  0.785398  1.082576
 0.304869  0.638009  0.707107  0.785398  1.125030
 0.277516  0.650373  0.707107  0.785398  1.167484
 0.249664  0.661565  0.707107  0.785398  1.209938
 0.221361  0.671565  0.707107  0.785398  1.252392
 0.192660  0.680355  0.707107  0.785398  1.294846
 0.163611  0.687918  0.707107  0.785398  1.337300
 0.134267  0.694242  0.707107  0.785398  1.379754
 0.104682  0.699315  0.707107  0.785398  1.422207
 0.074908  0.703128  0.707107  0.785398  1.464661
 0.044999  0.705674  0.707107  0.785398  1.507115
 0.015009  0.706947  0.707107  0.785398  1.549569
 0.727750  0.000000  0.685842  0.815036  0.000000
 0.727160  0.029304  0.685842  0.815036  0.040277
 0.725390  0.058560  0.685842  0.815036  0.080554
 0.722444  0.087721  0.685842  0.815036  0.120830
 0.718326  0.116739  0.685842  0.815036  0.161107
 0.713043  0.145569  0.685842  0.815036  0.201384
 0.706603  0.174162  0.685842  0.815036  0.241661
 0.699017  0.202473  0.685842  0.815036  0.281938
 0.690298  0.230455  0.685842  0.815036  0.322215
 0.680458  0.258064  0.685842  0.815036  0.362491
 0.669515  0.285254  0.685842  0.815036  0.402768
 0.657486  0.311981  0.685842  0.815036  0.443045
 0.644391  0.338202  0.685842  0.815036  0.483322
 0.630250  0.363875  0.685842  0.815036  0.523599
 0.615087  0.388958  0.685842  0.815036  0.563876
 0.598927  0.413409  0.685842  0.815036  0.604152
 0.581795  0.437190  0.685842  0.815036  0.644429
 0.563719  0.460262  0.685842  0.815036  0.684706
 0.544729  0.482588  0.685842  0.815036  0.724983
 0.524855  0.504130  0.685842  0.815036  0.765260
 0.504130  0.524855  0.685842  0.815036  0.805537
 0.482588  0.544729  0.685842  0.815036  0.845813
 0.460262  0.563719  0.685842  0.815036  0.886090
 0.437190  0.581795  0.685842  0.815036  0.926367
 0.413409  0.598927  0.685842  0.815036  0.966644
 0.388958  0.615087  0.685842  0.815036  1.006921
 0.363875  0.630250  0.685842  0.815036  1.047198
 0.338202  0.644391  0.685842  0.815036  1.087474
 0.311981  0.657486  0.685842  0.815036  1.127751
 0.285254  0.669515  0.685842  0.815036  1.168028
 0.258064  0.680458  0.685842  0.815036  1.208305
 0.230455  0.690298  0.685842  0.815036  1.248582
 0.202473  0.699017  0.685842  0.815036  1.288859
 0.174162  0.706603  0.685842  0.815036  1.329135
 0.145569  0.713043  0.685842  0.815036  1.369412
 0.116739  0.718326  0.685842  0.815036  1.409689
 0.087721  0.722444  0.685842  0.815036  1.449966
 0.058560  0.725390  0.685842  0.815036  1.490243
 0.029304  0.727160  0.685842  0.815036  1.530519
 0.747610  0.014681  0.663975  0.844673  0.019635
 0.746457  0.044021  0.663975  0.844673  0.058905
 0.744154  0.073293  0.663975  0.844673  0.098175
 0.740703  0.102452  0.663975  0.844673  0.137445
 0.736109  0.131452  0.663975  0.844673  0.176715
 0.730381  0.160251  0.663975  0.844673  0.215984
 0.723526  0.188802  0.663975  0.844673  0.255254
 0.715556  0.217062  0.663975  0.844673  0.294524
 0.706483  0.244987  0.663975  0.844673  0.333794
 0.696320  0.272534  0.663975  0.844673  0.373064
 0.685084  0.299662  0.663975  0.844673  0.412334
 0.672791  0.326327  0.663975  0.844673  0.451604
 0.659460  0.352489  0.663975  0.844673  0.490874
 0.645113  0.378108  0.663975  0.844673  0.530144
 0.629772  0.403143  0.663975  0.844673  0.569414
 0.613459  0.427557  0.663975  0.844673  0.608684
 0.596200  0.451312  0.663975  0.844673  0.647953
 0.578022  0.474370  0.663975  0.844673  0.687223
 0.558953  0.496698  0.663975  0.844673  0.726493
 0.539021  0.518259  0.663975  0.844673  0.765763
 0.518259  0.539021  0.663975  0.844673  0.805033
 0.496698  0.558953  0.663975  0.844673  0.844303
 0.474370  0.578022  0.663975  0.844673  0.883573
 0.451312  0.596200  0.663975  0.844673  0.922843
 0.427557  0.613459  0.663975  0.844673  0.962113
 0.403143  0.629772  0.663975  0.844673  1.001383
 0.378108  0.645113  0.663975  0.844673  1.040653
 0.352489  0.659460  0.663975  0.844673  1.079922
 0.326327  0.672791  0.663975  0.844673  1.119192
 0.299662  0.685084  0.663975  0.844673  1.158462
 0.272534  0.696320  0.663975  0.844673  1.197732
 0.244987  0.706483  0.663975  0.844673  1.237002
 0.217062  0.715556  0.663975  0.844673  1.276272
 0.188802  0.723526  0.663975  0.844673  1.315542
 0.160251  0.730381  0.663975  0.844673  1.354812
 0.131452  0.736109  0.663975  0.844673  1.394082
 0.102452  0.740703  0.663975  0.844673  1.433352
 0.073293  0.744154  0.663975  0.844673  1.472622
 0.044021  0.746457  0.663975  0.844673  1.511891
 0.014681  0.747610  0.663975  0.844673  1.551161
 0.767102  0.000000  0.641525  0.874311  0.000000
 0.766539  0.029382  0.641525  0.874311  0.038312
 0.764851  0.058721  0.641525  0.874311  0.076624
 0.762041  0.087974  0.641525  0.874311  0.114936
 0.758112  0.117098  0.641525  0.874311  0.153248
 0.753070  0.146049  0.641525  0.874311  0.191561
 0.746923  0.174787  0.641525  0.874311  0.229873
 0.739681  0.203268  0.641525  0.874311  0.268185
 0.731352  0.231450  0.641525  0.874311  0.306497
 0.721950  0.259293  0.641525  0.874311  0.344809
 0.711489  0.286756  0.641525  0.874311  0.383121
 0.699983  0.313797  0.641525  0.874311  0.421433
 0.687450  0.340378  0.641525  0.874311  0.459745
 0.673908  0.366460  0.641525  0.874311  0.498057
 0.659377  0.392003  0.641525  0.874311  0.536369
 0.643879  0.416972  0.641525  0.874311  0.574682
 0.627435  0.441328  0.641525  0.874311  0.612994
 0.610071  0.465037  0.641525  0.874311  0.651306
 0.591811  0.488063  0.641525  0.874311  0.689618
 0.572682  0.510373  0.641525  0.874311  0.727930
 0.552713  0.531933  0.641525  0.874311  0.766242
 0.531933  0.552713  0.641525  0.874311  0.804554
 0.510373  0.572682  0.641525  0.874311  0.842866
 0.488063  0.591811  0.641525  0.874311  0.881178
 0.465037  0.610071  0.641525  0.874311  0.919491
 0.441328  0.627435  0.641525  0.874311  0.957803
 0.416972  0.643879  0.641525  0.874311  0.996115
 0.392003  0.659377  0.641525  0.874311  1.034427
 0.366460  0.673908  0.641525  0.874311  1.072739
 0.340378  0.687450  0.641525  0.874311  1.111051
 0.313797  0.699983  0.641525  0.874311  1.149363
 0.286756  0.711489  0.641525  0.874311  1.187675
 0.259293  0.721950  0.641525  0.874311  1.225987
 0.231450  0.731352  0.641525  0.874311  1.264299
 0.203268  0.739681  0.641525  0.874311  1.302612
 0.174787  0.746923  0.641525  0.874311  1.340924
 0.146049  0.753070  0.641525  0.874311  1.379236
 0.117098  0.758112  0.641525  0.874311  1.417548
 0.087974  0.762041  0.641525  0.874311  1.455860
 0.058721  0.764851  0.641525  0.874311  1.494172
 0.029382  0.766539  0.641525  0.874311  1.532484
 0.785638  0.014693  0.618512  0.903949  0.018700
 0.784539  0.044059  0.618512  0.903949  0.056100
 0.782343  0.073363  0.618512  0.903949  0.093500
 0.779053  0.102564  0.618512  0.903949  0.130900
 0.774673  0.131622  0.618512  0.903949  0.168300
 0.769210  0.160496  0.618512  0.903949  0.205700
 0.762671  0.189146  0.618512  0.903949  0.243099
 0.755065  0.217531  0.618512  0.903949  0.280499
 0.746403  0.245611  0.618512  0.903949  0.317899
 0.736698  0.273348  0.618512  0.903949  0.355299
 0.725962  0.300703  0.618512  0.903949  0.392699
 0.714211  0.327638  0.618512  0.903949  0.430099
 0.701460  0.354114  0.618512  0.903949  0.467499
 0.687729  0.380094  0.618512  0.903949  0.504899
 0.673036  0.405544  0.618512  0.903949  0.542299
 0.657402  0.430426  0.618512  0.903949  0.579699
 0.640848  0.454706  0.618512  0.903949  0.617099
 0.623398  0.478350  0.618512  0.903949  0.654498
 0.605076  0.501325  0.618512  0.903949  0.691898
 0.585907  0.523599  0.618512  0.903949  0.729298
 0.565920  0.545140  0.618512  0.903949  0.766698
 0.545140  0.565920  0.618512  0.903949  0.804098
 0.523599  0.585907  0.618512  0.903949  0.841498
 0.501325  0.605076  0.618512  0.903949  0.878898
 0.478350  0.623398  0.618512  0.903949  0.916298
 0.454706  0.640848  0.618512  0.903949  0.953698
 0.430426  0.657402  0.618512  0.903949  0.991098
 0.405544  0.673036  0.618512  0.903949  1.028498
 0.380094  0.687729  0.618512  0.903949  1.065898
 0.354114  0.701460  0.618512  0.903949  1.103297
 0.327638  0.714211  0.618512  0.903949  1.140697
 0.300703  0.725962  0.618512  0.903949  1.178097
 0.273348  0.736698  0.618512  0.903949  1.215497
 0.245611  0.746403  0.618512  0.903949  1.252897
 0.217531  0.755065  0.618512  0.903949  1.290297
 0.189146  0.762671  0.618512  0.903949  1.327697
 0.160496  0.769210  0.618512  0.903949  1.365097
 0.131622  0.774673  0.618512  0.903949  1.402497
 0.102564  0.779053  0.618512  0.903949  1.439897
 0.073363  0.782343  0.618512  0.903949  1.477297
 0.044059  0.784539  0.618512  0.903949  1.514696
 0.014693  0.785638  0.618512  0.903949  1.552096
 0.803759  0.000000  0.594955  0.933586  0.000000
 0.803223  0.029355  0.594955  0.933586  0.036530
 0.801615  0.058671  0.594955  0.933586  0.073060
 0.798937  0.087908  0.594955  0.933586  0.109590
 0.795194  0.117028  0.594955  0.933586  0.146121
 0.790389  0.145992  0.594955  0.933586  0.182651
 0.784530  0.174761  0.594955  0.933586  0.219181
 0.777624  0.203297  0.594955  0.933586  0.255711
 0.769680  0.231562  0.594955  0.933586  0.292241
 0.760709  0.259518  0.594955  0.933586  0.328771
 0.750724  0.287128  0.594955  0.933586  0.365301
 0.739736  0.314354  0.594955  0.933586  0.401832
 0.727762  0.341161  0.594955  0.933586  0.438362
 0.714817  0.367513  0.594955  0.933586  0.474892
 0.700917  0.393374  0.594955  0.933586  0.511422
 0.686083  0.418710  0.594955  0.933586  0.547952
 0.670333  0.443488  0.594955  0.933586  0.584482
 0.653689  0.467674  0.594955  0.933586  0.621013
 0.636172  0.491236  0.594955  0.933586  0.657543
 0.617807  0.514143  0.594955  0.933586  0.694073
 0.598617  0.536363  0.594955  0.933586  0.730603
 0.578629  0.557868  0.594955  0.933586  0.767133
 0.557868  0.578629  0.594955  0.933586  0.803663
 0.536363  0.598617  0.594955  0.933586  0.840193
 0.514143  0.617807  0.594955  0.933586  0.876724
 0.491236  0.636172  0.594955  0.933586  0.913254
 0.467674  0.653689  0.594955  0.933586  0.949784
 0.443488  0.670333  0.594955  0.933586  0.986314
 0.418710  0.686083  0.594955  0.933586  1.022844
 0.393374  0.700917  0.594955  0.933586  1.059374
 0.367513  0.714817  0.594955  0.933586  1.095904
 0.341161  0.727762  0.594955  0.933586  1.132435
 0.314354  0.739736  0.594955  0.933586  1.168965
 0.287128  0.750724  0.594955  0.933586  1.205495
 0.259518  0.760709  0.594955  0.933586  1.242025
 0.231562  0.769680  0.594955  0.933586  1.278555
 0.203297  0.777624  0.594955  0.933586  1.315085
 0.174761  0.784530  0.594955  0.933586  1.351615
 0.145992  0.790389  0.594955  0.933586  1.388146
 0.117028  0.795194  0.594955  0.933586  1.424676
 0.087908  0.798937  0.594955  0.933586  1.461206
 0.058671  0.801615  0.594955  0.933586  1.497736
 0.029355  0.803223  0.594955  0.933586  1.534266
 0.820906  0.014655  0.570876  0.963224  0.017850
 0.819860  0.043945  0.570876  0.963224  0.053550
 0.817769  0.073180  0.570876  0.963224  0.089250
 0.814636  0.102322  0.570876  0.963224  0.124950
 0.810464  0.131333  0.570876  0.963224  0.160650
 0.805260  0.160176  0.570876  0.963224  0.196350
 0.799030  0.188816  0.570876  0.963224  0.232049
 0.791782  0.217215  0.570876  0.963224  0.267749
 0.783524  0.245337  0.570876  0.963224  0.303449
 0.774269  0.273146  0.570876  0.963224  0.339149
 0.764026  0.300608  0.570876  0.963224  0.374849
 0.752810  0.327686  0.570876  0.963224  0.410549
 0.740634  0.354347  0.570876  0.963224  0.446249
 0.727515  0.380556  0.570876  0.963224  0.481949
 0.713468  0.406280  0.570876  0.963224  0.517649
 0.698513  0.431487  0.570876  0.963224  0.553349
 0.682667  0.456143  0.570876  0.963224  0.589049
 0.665951  0.480219  0.570876  0.963224  0.624749
 0.648387  0.503682  0.570876  0.963224  0.660448
 0.629996  0.526504  0.570876  0.963224  0.696148
 0.610802  0.548654  0.570876  0.963224  0.731848
 0.590830  0.570106  0.570876  0.963224  0.767548
 0.570106  0.590830  0.570876  0.963224  0.803248
 0.548654  0.610802  0.570876  0.963224  0.838948
 0.526504  0.629996  0.570876  0.963224  0.874648
 0.503682  0.648387  0.570876  0.963224  0.910348
 0.480219  0.665951  0.570876  0.963224  0.946048
 0.456143  0.682667  0.570876  0.963224  0.981748
 0.431487  0.698513  0.570876  0.963224  1.017448
 0.406280  0.713468  0.570876  0.963224  1.053148
 0.380556  0.727515  0.570876  0.963224  1.088847
 0.354347  0.740634  0.570876  0.963224  1.124547
 0.327686  0.752810  0.570876  0.963224  1.160247
 0.300608  0.764026  0.570876  0.963224  1.195947
 0.273146  0.774269  0.570876  0.963224  1.231647
 0.245337  0.783524  0.570876  0.963224  1.267347
 0.217215  0.791782  0.570876  0.963224  1.303047
 0.188816  0.799030  0.570876  0.963224  1.338747
 0.160176  0.805260  0.570876  0.963224  1.374447
 0.131333  0.810464  0.570876  0.963224  1.410147
 0.102322  0.814636  0.570876  0.963224  1.445847
 0.073180  0.817769  0.570876  0.963224  1.481547
 0.043945  0.819860  0.570876  0.963224  1.517246
 0.014655  0.820906  0.570876  0.963224  1.552946
 0.837593  0.000000  0.546295  0.992862  0.000000
 0.837059  0.029896  0.546295  0.992862  0.035700
 0.835459  0.059753  0.546295  0.992862  0.071400
 0.832794  0.089535  0.546295  0.992862  0.107100
 0.829067  0.119202  0.546295  0.992862  0.142800
 0.824284  0.148717  0.546295  0.992862  0.178500
 0.818451  0.178043  0.546295  0.992862  0.214199
 0.811575  0.207142  0.546295  0.992862  0.249899
 0.803664  0.235977  0.546295  0.992862  0.285599
 0.794730  0.264511  0.546295  0.992862  0.321299
 0.784782  0.292709  0.546295  0.992862  0.356999
 0.773835  0.320533  0.546295  0.992862  0.392699
 0.761901  0.347949  0.546295  0.992862  0.428399
 0.748997  0.374921  0.546295  0.992862  0.464099
 0.735138  0.401416  0.546295  0.992862  0.499799
 0.720342  0.427399  0.546295  0.992862  0.535499
 0.704628  0.452837  0.546295  0.992862  0.571199
 0.688016  0.477698  0.546295  0.992862  0.606899
 0.670528  0.501951  0.546295  0.992862  0.642598
 0.652185  0.525564  0.546295  0.992862  0.678298
 0.633010  0.548507  0.546295  0.992862  0.713998
 0.613030  0.570751  0.546295  0.992862  0.749698
 0.592268  0.592268  0.546295  0.992862  0.785398
 0.570751  0.613030  0.546295  0.992862  0.821098
 0.548507  0.633010  0.546295  0.992862  0.856798
 0.525564  0.652185  0.546295  0.992862  0.892498
 0.501951  0.670528  0.546295  0.992862  0.928198
 0.477698  0.688016  0.546295  0.992862  0.963898
 0.452837  0.704628  0.546295  0.992862  0.999598
 0.427399  0.720342  0.546295  0.992862  1.035298
 0.401416  0.735138  0.546295  0.992862  1.070997
 0.374921  0.748997  0.546295  0.992862  1.106697
 0.347949  0.761901  0.546295  0.992862  1.142397
 0.320533  0.773835  0.546295  0.992862  1.178097
 0.292709  0.784782  0.546295  0.992862  1.213797
 0.264511  0.794730  0.546295  0.992862  1.249497
 0.235977  0.803664  0.546295  0.992862  1.285197
 0.207142  0.811575  0.546295  0.992862  1.320897
 0.178043  0.818451  0.546295  0.992862  1.356597
 0.148717  0.824284  0.546295  0.992862  1.392297
 0.119202  0.829067  0.546295  0.992862  1.427997
 0.089535  0.832794  0.546295  0.992862  1.463697
 0.059753  0.835459  0.546295  0.992862  1.499396
 0.029896  0.837059  0.546295  0.992862  1.535096
 0.853284  0.014894  0.521234  1.022499  0.017453
 0.852244  0.044664  0.521234  1.022499  0.052360
 0.850166  0.074380  0.521234  1.022499  0.087266
 0.847052  0.104005  0.521234  1.022499  0.122173
 0.842907  0.133503  0.521234  1.022499  0.157080
 0.837734  0.162839  0.521234  1.022499  0.191986
 0.831541  0.191976  0.521234  1.022499  0.226893
 0.824334  0.220880  0.521234  1.022499  0.261799
 0.816123  0.249514  0.521234  1.022499  0.296706
 0.806918  0.277844  0.521234  1.022499  0.331613
 0.796730  0.305836  0.521234  1.022499  0.366519
 0.785571  0.333455  0.521234  1.022499  0.401426
 0.773455  0.360668  0.521234  1.022499  0.436332
 0.760397  0.387442  0.521234  1.022499  0.471239
 0.746412  0.413743  0.521234  1.022499  0.506145
 0.731518  0.439540  0.521234  1.022499  0.541052
 0.715733  0.464802  0.521234  1.022499  0.575959
 0.699075  0.489498  0.521234  1.022499  0.610865
 0.681566  0.513597  0.521234  1.022499  0.645772
 0.663227  0.537071  0.521234  1.022499  0.680678
 0.644079  0.559890  0.521234  1.022499  0.715585
 0.624147  0.582027  0.521234  1.022499  0.750492
 0.603454  0.603454  0.521234  1.022499  0.785398
 0.582027  0.624147  0.521234  1.022499  0.820305
 0.559890  0.644079  0.521234  1.022499  0.855211
 0.537071  0.663227  0.521234  1.022499  0.890118
 0.513597  0.681566  0.521234  1.022499  0.925025
 0.489498  0.699075  0.521234  1.022499  0.959931
 0.464802  0.715733  0.521234  1.022499  0.994838
 0.439540  0.731518  0.521234  1.022499  1.029744
 0.413743  0.746412  0.521234  1.022499  1.064651
 0.387442  0.760397  0.521234  1.022499  1.099557
 0.360668  0.773455  0.521234  1.022499  1.134464
 0.333455  0.785571  0.521234  1.022499  1.169371
 0.305836  0.796730  0.521234  1.022499  1.204277
 0.277844  0.806918  0.521234  1.022499  1.239184
 0.249514  0.816123  0.521234  1.022499  1.274090
 0.220880  0.824334  0.521234  1.022499  1.308997
 0.191976  0.831541  0.521234  1.022499  1.343904
 0.162839  0.837734  0.521234  1.022499  1.378810
 0.133503  0.842907  0.521234  1.022499  1.413717
 0.104005  0.847052  0.521234  1.022499  1.448623
 0.074380  0.850166  0.521234  1.022499  1.483530
 0.044664  0.852244  0.521234  1.022499  1.518436
 0.014894  0.853284  0.521234  1.022499  1.553343
 0.868485  0.000000  0.495716  1.052137  0.000000
 0.867978  0.029651  0.495716  1.052137  0.034148
 0.866460  0.059267  0.495716  1.052137  0.068295
 0.863931  0.088815  0.495716  1.052137  0.102443
 0.860396  0.118259  0.495716  1.052137  0.136591
 0.855856  0.147565  0.495716  1.052137  0.170739
 0.850319  0.176698  0.495716  1.052137  0.204886
 0.843791  0.205626  0.495716  1.052137  0.239034
 0.836279  0.234314  0.495716  1.052137  0.273182
 0.827792  0.262729  0.495716  1.052137  0.307330
 0.818339  0.290838  0.495716  1.052137  0.341477
 0.807933  0.318607  0.495716  1.052137  0.375625
 0.796584  0.346005  0.495716  1.052137  0.409773
 0.784307  0.373000  0.495716  1.052137  0.443921
 0.771115  0.399559  0.495716  1.052137  0.478068
 0.757024  0.425653  0.495716  1.052137  0.512216
 0.742050  0.451251  0.495716  1.052137  0.546364
 0.726211  0.476322  0.495716  1.052137  0.580512
 0.709526  0.500838  0.495716  1.052137  0.614659
 0.692013  0.524770  0.495716  1.052137  0.648807
 0.673693  0.548090  0.495716  1.052137  0.682955
 0.654588  0.570771  0.495716  1.052137  0.717103
 0.634720  0.592787  0.495716  1.052137  0.751250
 0.614111  0.614111  0.495716  1.052137  0.785398
 0.592787  0.634720  0.495716  1.052137  0.819546
 0.570771  0.654588  0.495716  1.052137  0.853694
 0.548090  0.673693  0.495716  1.052137  0.887841
 0.524770  0.692013  0.495716  1.052137  0.921989
 0.500838  0.709526  0.495716  1.052137  0.956137
 0.476322  0.726211  0.495716  1.052137  0.990285
 0.451251  0.742050  0.495716  1.052137  1.024432
 0.425653  0.757024  0.495716  1.052137  1.058580
 0.399559  0.771115  0.495716  1.052137  1.092728
 0.373000  0.784307  0.495716  1.052137  1.126876
 0.346005  0.796584  0.495716  1.052137  1.161023
 0.318607  0.807933  0.495716  1.052137  1.195171
 0.290838  0.818339  0.495716  1.052137  1.229319
 0.262729  0.827792  0.495716  1.052137  1.263467
 0.234314  0.836279  0.495716  1.052137  1.297614
 0.205626  0.843791  0.495716  1.052137  1.331762
 0.176698  0.850319  0.495716  1.052137  1.365910
 0.147565  0.855856  0.495716  1.052137  1.400058
 0.118259  0.860396  0.495716  1.052137  1.434205
 0.088815  0.863931  0.495716  1.052137  1.468353
 0.059267  0.866460  0.495716  1.052137  1.502501
 0.029651  0.867978  0.495716  1.052137  1.536649
 0.882670  0.014751  0.469762  1.081775  0.016711
 0.881684  0.044237  0.469762  1.081775  0.050132
 0.879713  0.073674  0.469762  1.081775  0.083553
 0.876760  0.103029  0.469762  1.081775  0.116974
 0.872828  0.132268  0.469762  1.081775  0.150395
 0.867921  0.161360  0.469762  1.081775  0.183817
 0.862044  0.190271  0.469762  1.081775  0.217238
 0.855205  0.218970  0.469762  1.081775  0.250659
 0.847410  0.247424  0.469762  1.081775  0.284080
 0.838670  0.275602  0.469762  1.081775  0.317501
 0.828992  0.303473  0.469762  1.081775  0.350923
 0.818389  0.331004  0.469762  1.081775  0.384344
 0.806871  0.358166  0.469762  1.081775  0.417765
 0.794452  0.384927  0.469762  1.081775  0.451186
 0.781146  0.411259  0.469762  1.081775  0.484607
 0.766968  0.437131  0.469762  1.081775  0.518029
 0.751933  0.462515  0.469762  1.081775  0.551450
 0.736058  0.487383  0.469762  1.081775  0.584871
 0.719361  0.511706  0.469762  1.081775  0.618292
 0.701861  0.535458  0.469762  1.081775  0.651713
 0.683577  0.558611  0.469762  1.081775  0.685135
 0.664529  0.581141  0.469762  1.081775  0.718556
 0.644739  0.603022  0.469762  1.081775  0.751977
 0.624229  0.624229  0.469762  1.081775  0.785398
 0.603022  0.644739  0.469762  1.081775  0.818819
 0.581141  0.664529  0.469762  1.081775  0.852241
 0.558611  0.683577  0.469762  1.081775  0.885662
 0.535458  0.701861  0.469762  1.081775  0.919083
 0.511706  0.719361  0.469762  1.081775  0.952504
 0.487383  0.736058  0.469762  1.081775  0.985925
 0.462515  0.751933  0.469762  1.081775  1.019347
 0.437131  0.766968  0.469762  1.081775  1.052768
 0.411259  0.781146  0.469762  1.081775  1.086189
 0.384927  0.794452  0.469762  1.081775  1.119610
 0.358166  0.806871  0.469762  1.081775  1.153031
 0.331004  0.818389  0.469762  1.081775  1.186453
 0.303473  0.828992  0.469762  1.081775  1.219874
 0.275602  0.838670  0.469762  1.081775  1.253295
 0.247424  0.847410  0.469762  1.081775  1.286716
 0.218970  0.855205  0.469762  1.081775  1.320137
 0.190271  0.862044  0.469762  1.081775  1.353559
 0.161360  0.867921  0.469762  1.081775  1.386980
 0.132268  0.872828  0.469762  1.081775  1.420401
 0.103029  0.876760  0.469762  1.081775  1.453822
 0.073674  0.879713  0.469762  1.081775  1.487243
 0.044237  0.881684  0.469762  1.081775  1.520665
 0.014751  0.882670  0.469762  1.081775  1.554086
 0.896326  0.000000  0.443396  1.111412  0.000000
 0.895846  0.029327  0.443396  1.111412  0.032725
 0.894407  0.058623  0.443396  1.111412  0.065450
 0.892010  0.087855  0.443396  1.111412  0.098175
 0.888658  0.116994  0.443396  1.111412  0.130900
 0.884354  0.146007  0.443396  1.111412  0.163625
 0.879103  0.174865  0.443396  1.111412  0.196350
 0.872911  0.203534  0.443396  1.111412  0.229074
 0.865784  0.231986  0.443396  1.111412  0.261799
 0.857730  0.260190  0.443396  1.111412  0.294524
 0.848758  0.288115  0.443396  1.111412  0.327249
 0.838877  0.315731  0.443396  1.111412  0.359974
 0.828097  0.343009  0.443396  1.111412  0.392699
 0.816431  0.369920  0.443396  1.111412  0.425424
 0.803890  0.396435  0.443396  1.111412  0.458149
 0.790489  0.422525  0.443396  1.111412  0.490874
 0.776241  0.448163  0.443396  1.111412  0.523599
 0.761162  0.473321  0.443396  1.111412  0.556324
 0.745268  0.497972  0.443396  1.111412  0.589049
 0.728576  0.522090  0.443396  1.111412  0.621774
 0.711103  0.545649  0.443396  1.111412  0.654498
 0.692869  0.568623  0.443396  1.111412  0.687223
 0.673893  0.590989  0.443396  1.111412  0.719948
 0.654196  0.612721  0.443396  1.111412  0.752673
 0.633798  0.633798  0.443396  1.111412  0.785398
 0.612721  0.654196  0.443396  1.111412  0.818123
 0.590989  0.673893  0.443396  1.111412  0.850848
 0.568623  0.692869  0.443396  1.111412  0.883573
 0.545649  0.711103  0.443396  1.111412  0.916298
 0.522090  0.728576  0.443396  1.111412  0.949023
 0.497972  0.745268  0.443396  1.111412  0.981748
 0.473321  0.761162  0.443396  1.111412  1.014473
 0.448163  0.776241  0.443396  1.111412  1.047198
 0.422525  0.790489  0.443396  1.111412  1.079922
 0.396435  0.803890  0.443396  1.111412  1.112647
 0.369920  0.816431  0.443396  1.111412  1.145372
 0.343009  0.828097  0.443396  1.111412  1.178097
 0.315731  0.838877  0.443396  1.111412  1.210822
 0.288115  0.848758  0.443396  1.111412  1.243547
 0.260190  0.857730  0.443396  1.111412  1.276272
 0.231986  0.865784  0.443396  1.111412  1.308997
 0.203534  0.872911  0.443396  1.111412  1.341722
 0.174865  0.879103  0.443396  1.111412  1.374447
 0.146007  0.884354  0.443396  1.111412  1.407172
 0.116994  0.888658  0.443396  1.111412  1.439897
 0.087855  0.892010  0.443396  1.111412  1.472622
 0.058623  0.894407  0.443396  1.111412  1.505346
 0.029327  0.895846  0.443396  1.111412  1.538071
 0.908950  0.014874  0.416640  1.141050  0.016362
 0.907977  0.044606  0.416640  1.141050  0.049087
 0.906031  0.074290  0.416640  1.141050  0.081812
 0.903115  0.103895  0.416640  1.141050  0.114537
 0.899232  0.133388  0.416640  1.141050  0.147262
 0.894386  0.162739  0.416640  1.141050  0.179987
 0.888583  0.191916  0.416640  1.141050  0.212712
 0.881828  0.220886  0.416640  1.141050  0.245437
 0.874128  0.249621  0.416640  1.141050  0.278162
 0.865493  0.278088  0.416640  1.141050  0.310887
 0.855931  0.306257  0.416640  1.141050  0.343612
 0.845452  0.334098  0.416640  1.141050  0.376337
 0.834068  0.361582  0.416640  1.141050  0.409062
 0.821791  0.388678  0.416640  1.141050  0.441786
 0.808634  0.415358  0.416640  1.141050  0.474511
 0.794611  0.441594  0.416640  1.141050  0.507236
 0.779737  0.467356  0.416640  1.141050  0.539961
 0.764028  0.492618  0.416640  1.141050  0.572686
 0.747501  0.517353  0.416640  1.141050  0.605411
 0.730173  0.541533  0.416640  1.141050  0.638136
 0.712064  0.565134  0.416640  1.141050  0.670861
 0.693192  0.588129  0.416640  1.141050  0.703586
 0.673578  0.610495  0.416640  1.141050  0.736311
 0.653242  0.632207  0.416640  1.141050  0.769036
 0.632207  0.653242  0.416640  1.141050  0.801761
 0.610495  0.673578  0.416640  1.141050  0.834486
 0.588129  0.693192  0.416640  1.141050  0.867210
 0.565134  0.712064  0.416640  1.141050  0.899935
 0.541533  0.730173  0.416640  1.141050  0.932660
 0.517353  0.747501  0.416640  1.141050  0.965385
 0.492618  0.764028  0.416640  1.141050  0.998110
 0.467356  0.779737  0.416640  1.141050  1.030835
 0.441594  0.794611  0.416640  1.141050  1.063560
 0.415358  0.808634  0.416640  1.141050  1.096285
 0.388678  0.821791  0.416640  1.141050  1.129010
 0.361582  0.834068  0.416640  1.141050  1.161735
 0.334098  0.845452  0.416640  1.141050  1.194460
 0.306257  0.855931  0.416640  1.141050  1.227185
 0.278088  0.865493  0.416640  1.141050  1.259910
 0.249621  0.874128  0.416640  1.141050  1.292634
 0.220886  0.881828  0.416640  1.141050  1.325359
 0.191916  0.888583  0.416640  1.141050  1.358084
 0.162739  0.894386  0.416640  1.141050  1.390809
 0.133388  0.899232  0.416640  1.141050  1.423534
 0.103895  0.903115  0.416640  1.141050  1.456259
 0.074290  0.906031  0.416640  1.141050  1.488984
 0.044606  0.907977  0.416640  1.141050  1.521709
 0.014874  0.908950  0.416640  1.141050  1.554434
 0.921019  0.000000  0.389518  1.170688  0.000000
 0.920546  0.029520  0.389518  1.170688  0.032057
 0.919126  0.059010  0.389518  1.170688  0.064114
 0.916763  0.088439  0.389518  1.170688  0.096171
 0.913457  0.117777  0.389518  1.170688  0.128228
 0.909213  0.146994  0.389518  1.170688  0.160285
 0.904034  0.176061  0.389518  1.170688  0.192342
 0.897927  0.204946  0.389518  1.170688  0.224399
 0.890897  0.233621  0.389518  1.170688  0.256457
 0.882951  0.262055  0.389518  1.170688  0.288514
 0.874098  0.290221  0.389518  1.170688  0.320571
 0.864347  0.318088  0.389518  1.170688  0.352628
 0.853708  0.345628  0.389518  1.170688  0.384685
 0.842191  0.372813  0.389518  1.170688  0.416742
 0.829809  0.399615  0.389518  1.170688  0.448799
 0.816575  0.426006  0.389518  1.170688  0.480856
 0.802501  0.451960  0.389518  1.170688  0.512913
 0.787603  0.477449  0.389518  1.170688  0.544970
 0.771895  0.502448  0.389518  1.170688  0.577027
 0.755394  0.526930  0.389518  1.170688  0.609084
 0.738117  0.550871  0.389518  1.170688  0.641141
 0.720081  0.574246  0.389518  1.170688  0.673198
 0.701306  0.597030  0.389518  1.170688  0.705255
 0.681810  0.619202  0.389518  1.170688  0.737313
 0.661613  0.640737  0.389518  1.170688  0.769370
 0.640737  0.661613  0.389518  1.170688  0.801427
 0.619202  0.681810  0.389518  1.170688  0.833484
 0.597030  0.701306  0.389518  1.170688  0.865541
 0.574246  0.720081  0.389518  1.170688  0.897598
 0.550871  0.738117  0.389518  1.170688  0.929655
 0.526930  0.755394  0.389518  1.170688  0.961712
 0.502448  0.771895  0.389518  1.170688  0.993769
 0.477449  0.787603  0.389518  1.170688  1.025826
 0.451960  0.802501  0.389518  1.170688  1.057883
 0.426006  0.816575  0.389518  1.170688  1.089940
 0.399615  0.829809  0.389518  1.170688  1.121997
 0.372813  0.842191  0.389518  1.170688  1.154054
 0.345628  0.853708  0.389518  1.170688  1.186112
 0.318088  0.864347  0.389518  1.170688  1.218169
 0.290221  0.874098  0.389518  1.170688  1.250226
 0.262055  0.882951  0.389518  1.170688  1.282283
 0.233621  0.890897  0.389518  1.170688  1.314340
 0.204946  0.897927  0.389518  1.170688  1.346397
 0.176061  0.904034  0.389518  1.170688  1.378454
 0.146994  0.909213  0.389518  1.170688  1.410511
 0.117777  0.913457  0.389518  1.170688  1.442568
 0.088439  0.916763  0.389518  1.170688  1.474625
 0.059010  0.919126  0.389518  1.170688  1.506682
 0.029520  0.920546  0.389518  1.170688  1.538739
 0.932037  0.014940  0.362054  1.200325  0.016029
 0.931080  0.044806  0.362054  1.200325  0.048086
 0.929165  0.074626  0.362054  1.200325  0.080143
 0.926296  0.104368  0.362054  1.200325  0.112200
 0.922475  0.134004  0.362054  1.200325  0.144257
 0.917706  0.163502  0.362054  1.200325  0.176314
 0.911994  0.192832  0.362054  1.200325  0.208371
 0.905345  0.221964  0.362054  1.200325  0.240428
 0.897765  0.250867  0.362054  1.200325  0.272485
 0.889263  0.279513  0.362054  1.200325  0.304542
 0.879847  0.307872  0.362054  1.200325  0.336599
 0.869528  0.335914  0.362054  1.200325  0.368656
 0.858314  0.363611  0.362054  1.200325  0.400713
 0.846219  0.390935  0.362054  1.200325  0.432770
 0.833254  0.417857  0.362054  1.200325  0.464827
 0.819433  0.444349  0.362054  1.200325  0.496885
 0.804770  0.470385  0.362054  1.200325  0.528942
 0.789280  0.495937  0.362054  1.200325  0.560999
 0.772979  0.520980  0.362054  1.200325  0.593056
 0.755883  0.545488  0.362054  1.200325  0.625113
 0.738011  0.569435  0.362054  1.200325  0.657170
 0.719381  0.592797  0.362054  1.200325  0.689227
 0.700011  0.615549  0.362054  1.200325  0.721284
 0.679922  0.637670  0.362054  1.200325  0.753341
 0.659135  0.659135  0.362054  1.200325  0.785398
 0.637670  0.679922  0.362054  1.200325  0.817455
 0.615549  0.700011  0.362054  1.200325  0.849512
 0.592797  0.719381  0.362054  1.200325  0.881569
 0.569435  0.738011  0.362054  1.200325  0.913626
 0.545488  0.755883  0.362054  1.200325  0.945684
 0.520980  0.772979  0.362054  1.200325  0.977741
 0.495937  0.789280  0.362054  1.200325  1.009798
 0.470385  0.804770  0.362054  1.200325  1.041855
 0.444349  0.819433  0.362054  1.200325  1.073912
 0.417857  0.833254  0.362054  1.200325  1.105969
 0.390935  0.846219  0.362054  1.200325  1.138026
 0.363611  0.858314  0.362054  1.200325  1.170083
 0.335914  0.869528  0.362054  1.200325  1.202140
 0.307872  0.879847  0.362054  1.200325  1.234197
 0.279513  0.889263  0.362054  1.200325  1.266254
 0.250867  0.897765  0.362054  1.200325  1.298311
 0.221964  0.905345  0.362054  1.200325  1.330368
 0.192832  0.911994  0.362054  1.200325  1.362425
 0.163502  0.917706  0.362054  1.200325  1.394482
 0.134004  0.922475  0.362054  1.200325  1.426540
 0.104368  0.926296  0.362054  1.200325  1.458597
 0.074626  0.929165  0.362054  1.200325  1.490654
 0.044806  0.931080  0.362054  1.200325  1.522711
 0.014940  0.932037  0.362054  1.200325  1.554768
 0.942476  0.000000  0.334272  1.229963  0.000000
 0.942011  0.029604  0.334272  1.229963  0.031416
 0.940617  0.059179  0.334272  1.229963  0.062832
 0.938294  0.088695  0.334272  1.229963  0.094248
 0.935045  0.118124  0.334272  1.229963  0.125664
 0.930873  0.147436  0.334272  1.229963  0.157080
 0.925783  0.176602  0.334272  1.229963  0.188496
 0.919779  0.205595  0.334272  1.229963  0.219911
 0.912867  0.234384  0.334272  1.229963  0.251327
 0.905054  0.262943  0.334272  1.229963  0.282743
 0.896348  0.291241  0.334272  1.229963  0.314159
 0.886758  0.319253  0.334272  1.229963  0.345575
 0.876292  0.346949  0.334272  1.229963  0.376991
 0.864962  0.374303  0.334272  1.229963  0.408407
 0.852778  0.401287  0.334272  1.229963  0.439823
 0.839753  0.427875  0.334272  1.229963  0.471239
 0.825898  0.454042  0.334272  1.229963  0.502655
 0.811229  0.479760  0.334272  1.229963  0.534071
 0.795759  0.505004  0.334272  1.229963  0.565487
 0.779504  0.529750  0.334272  1.229963  0.596903
 0.762479  0.553974  0.334272  1.229963  0.628319
 0.744703  0.577650  0.334272  1.229963  0.659734
 0.726191  0.600757  0.334272  1.229963  0.691150
 0.706962  0.623271  0.334272  1.229963  0.722566
 0.687036  0.645170  0.334272  1.229963  0.753982
 0.666432  0.666432  0.334272  1.229963  0.785398
 0.645170  0.687036  0.334272  1.229963  0.816814
 0.623271  0.706962  0.334272  1.229963  0.848230
 0.600757  0.726191  0.334272  1.229963  0.879646
 0.577650  0.744703  0.334272  1.229963  0.911062
 0.553974  0.762479  0.334272  1.229963  0.942478
 0.529750  0.779504  0.334272  1.229963  0.973894
 0.505004  0.795759  0.334272  1.229963  1.005310
 0.479760  0.811229  0.334272  1.229963  1.036726
 0.454042  0.825898  0.334272  1.229963  1.068142
 0.427875  0.839753  0.334272  1.229963  1.099557
 0.401287  0.852778  0.334272  1.229963  1.130973
 0.374303  0.864962  0.334272  1.229963  1.162389
 0.346949  0.876292  0.334272  1.229963  1.193805
 0.319253  0.886758  0.334272  1.229963  1.225221
 0.291241  0.896348  0.334272  1.229963  1.256637
 0.262943  0.905054  0.334272  1.229963  1.288053
 0.234384  0.912867  0.334272  1.229963  1.319469
 0.205595  0.919779  0.334272  1.229963  1.350885
 0.176602  0.925783  0.334272  1.229963  1.382301
 0.147436  0.930873  0.334272  1.229963  1.413717
 0.118124  0.935045  0.334272  1.229963  1.445133
 0.088695  0.938294  0.334272  1.229963  1.476549
 0.059179  0.940617  0.334272  1.229963  1.507964
 0.029604  0.942011  0.334272  1.229963  1.539380
 0.951851  0.014953  0.306197  1.259601  0.015708
 0.950911  0.044844  0.306197  1.259601  0.047124
 0.949034  0.074691  0.306197  1.259601  0.078540
 0.946219  0.104464  0.306197  1.259601  0.109956
 0.942471  0.134133  0.306197  1.259601  0.141372
 0.937793  0.163671  0.306197  1.259601  0.172788
 0.932189  0.193047  0.306197  1.259601  0.204204
 0.925665  0.222233  0.306197  1.259601  0.235619
 0.918228  0.251199  0.306197  1.259601  0.267035
 0.909885  0.279917  0.306197  1.259601  0.298451
 0.900643  0.308359  0.306197  1.259601  0.329867
 0.890513  0.336497  0.306197  1.259601  0.361283
 0.879504  0.364302  0.306197  1.259601  0.392699
 0.867627  0.391749  0.306197  1.259601  0.424115
 0.854894  0.418808  0.306197  1.259601  0.455531
 0.841317  0.445454  0.306197  1.259601  0.486947
 0.826910  0.471661  0.306197  1.259601  0.518363
 0.471661  0.826910  0.306197  1.259601  1.052434
 0.445454  0.841317  0.306197  1.259601  1.083849
 0.418808  0.854894  0.306197  1.259601  1.115265
 0.391749  0.867627  0.306197  1.259601  1.146681
 0.364302  0.879504  0.306197  1.259601  1.178097
 0.336497  0.890513  0.306197  1.259601  1.209513
 0.308359  0.900643  0.306197  1.259601  1.240929
 0.279917  0.909885  0.306197  1.259601  1.272345
 0.251199  0.918228  0.306197  1.259601  1.303761
 0.222233  0.925665  0.306197  1.259601  1.335177
 0.193047  0.932189  0.306197  1.259601  1.366593
 0.163671  0.937793  0.306197  1.259601  1.398009
 0.134133  0.942471  0.306197  1.259601  1.429425
 0.104464  0.946219  0.306197  1.259601  1.460841
 0.074691  0.949034  0.306197  1.259601  1.492257
 0.044844  0.950911  0.306197  1.259601  1.523672
 0.014953  0.951851  0.306197  1.259601  1.555088
 0.960624  0.000000  0.277852  1.289238  0.000000
 0.960168  0.029582  0.277852  1.289238  0.030800
 0.958802  0.059137  0.277852  1.289238  0.061600
 0.956526  0.088635  0.277852  1.289238  0.092400
 0.953343  0.118049  0.277852  1.289238  0.123200
 0.949255  0.147352  0.277852  1.289238  0.154000
 0.944267  0.176514  0.277852  1.289238  0.184800
 0.938384  0.205509  0.277852  1.289238  0.215599
 0.931610  0.234309  0.277852  1.289238  0.246399
 0.923953  0.262887  0.277852  1.289238  0.277199
 0.915419  0.291216  0.277852  1.289238  0.307999
 0.906017  0.319268  0.277852  1.289238  0.338799
 0.895755  0.347017  0.277852  1.289238  0.369599
 0.884644  0.374438  0.277852  1.289238  0.400399
 0.872693  0.401503  0.277852  1.289238  0.431199
 0.401503  0.872693  0.277852  1.289238  1.139597
 0.374438  0.884644  0.277852  1.289238  1.170397
 0.347017  0.895755  0.277852  1.289238  1.201197
 0.319268  0.906017  0.277852  1.289238  1.231997
 0.291216  0.915419  0.277852  1.289238  1.262797
 0.262887  0.923953  0.277852  1.289238  1.293597
 0.234309  0.931610  0.277852  1.289238  1.324397
 0.205509  0.938384  0.277852  1.289238  1.355197
 0.176514  0.944267  0.277852  1.289238  1.385997
 0.147352  0.949255  0.277852  1.289238  1.416797
 0.118049  0.953343  0.277852  1.289238  1.447597
 0.088635  0.956526  0.277852  1.289238  1.478397
 0.059137  0.958802  0.277852  1.289238  1.509196
 0.029582  0.960168  0.277852  1.289238  1.539996
 0.968321  0.014913  0.249264  1.318876  0.015400
 0.967402  0.044726  0.249264  1.318876  0.046200
 0.965566  0.074496  0.249264  1.318876  0.077000
 0.962814  0.104195  0.249264  1.318876  0.107800
 0.959149  0.133796  0.249264  1.318876  0.138600
 0.954574  0.163269  0.249264  1.318876  0.169400
 0.949093  0.192588  0.249264  1.318876  0.200200
 0.942712  0.221724  0.249264  1.318876  0.230999
 0.935437  0.250650  0.249264  1.318876  0.261799
 0.927275  0.279338  0.249264  1.318876  0.292599
 0.918233  0.307761  0.249264  1.318876  0.323399
 0.908320  0.335892  0.249264  1.318876  0.354199
 0.335892  0.908320  0.249264  1.318876  1.216597
 0.307761  0.918233  0.249264  1.318876  1.247397
 0.279338  0.927275  0.249264  1.318876  1.278197
 0.250650  0.935437  0.249264  1.318876  1.308997
 0.221724  0.942712  0.249264  1.318876  1.339797
 0.192588  0.949093  0.249264  1.318876  1.370597
 0.163269  0.954574  0.249264  1.318876  1.401397
 0.133796  0.959149  0.249264  1.318876  1.432197
 0.104195  0.962814  0.249264  1.318876  1.462997
 0.074496  0.965566  0.249264  1.318876  1.493797
 0.044726  0.967402  0.249264  1.318876  1.524596
 0.014913  0.968321  0.249264  1.318876  1.555396
 0.975397  0.000000  0.220457  1.348514  0.000000
 0.974952  0.029460  0.220457  1.348514  0.030208
 0.973617  0.058893  0.220457  1.348514  0.060415
 0.971394  0.088272  0.220457  1.348514  0.090623
 0.968285  0.117571  0.220457  1.348514  0.120830
 0.964292  0.146763  0.220457  1.348514  0.151038
 0.959420  0.175820  0.220457  1.348514  0.181246
 0.953672  0.204717  0.220457  1.348514  0.211453
 0.947054  0.233428  0.220457  1.348514  0.241661
 0.939571  0.261925  0.220457  1.348514  0.271869
 0.261925  0.939571  0.220457  1.348514  1.298928
 0.233428  0.947054  0.220457  1.348514  1.329135
 0.204717  0.953672  0.220457  1.348514  1.359343
 0.175820  0.959420  0.220457  1.348514  1.389551
 0.146763  0.964292  0.220457  1.348514  1.419758
 0.117571  0.968285  0.220457  1.348514  1.449966
 0.088272  0.971394  0.220457  1.348514  1.480173
 0.058893  0.973617  0.220457  1.348514  1.510381
 0.029460  0.974952  0.220457  1.348514  1.540589
 0.981389  0.014824  0.191455  1.378151  0.015104
 0.980494  0.044458  0.191455  1.378151  0.045311
 0.978704  0.074052  0.191455  1.378151  0.075519
 0.976021  0.103578  0.191455  1.378151  0.105727
 0.972447  0.133009  0.191455  1.378151  0.135934
 0.967986  0.162319  0.191455  1.378151  0.166142
 0.962642  0.191481  0.191455  1.378151  0.196350
 0.956420  0.220469  0.191455  1.378151  0.226557
 0.220469  0.956420  0.191455  1.378151  1.344239
 0.191481  0.962642  0.191455  1.378151  1.374447
 0.162319  0.967986  0.191455  1.378151  1.404654
 0.133009  0.972447  0.191455  1.378151  1.434862
 0.103578  0.976021  0.191455  1.378151  1.465070
 0.074052  0.978704  0.191455  1.378151  1.495277
 0.044458  0.980494  0.191455  1.378151  1.525485
 0.014824  0.981389  0.191455  1.378151  1.555693
 0.986744  0.000000  0.162286  1.407789  0.000000
 0.986294  0.029803  0.162286  1.407789  0.030208
 0.984943  0.059578  0.162286  1.407789  0.060415
 0.982695  0.089299  0.162286  1.407789  0.090623
 0.979549  0.118939  0.162286  1.407789  0.120830
 0.975510  0.148470  0.162286  1.407789  0.151038
 0.970581  0.177866  0.162286  1.407789  0.181246
 0.177866  0.970581  0.162286  1.407789  1.389551
 0.148470  0.975510  0.162286  1.407789  1.419758
 0.118939  0.979549  0.162286  1.407789  1.449966
 0.089299  0.982695  0.162286  1.407789  1.480173
 0.059578  0.984943  0.162286  1.407789  1.510381
 0.029803  0.986294  0.162286  1.407789  1.540589
 0.991011  0.014687  0.132974  1.437427  0.014819
 0.990140  0.044047  0.132974  1.437427  0.044456
 0.988400  0.073369  0.132974  1.437427  0.074094
 0.985792  0.102626  0.132974  1.437427  0.103732
 0.982318  0.131794  0.132974  1.437427  0.133369
 0.131794  0.982318  0.132974  1.437427  1.437427
 0.102626  0.985792  0.132974  1.437427  1.467064
 0.073369  0.988400  0.132974  1.437427  1.496702
 0.044047  0.990140  0.132974  1.437427  1.526340
 0.014687  0.991011  0.132974  1.437427  1.555977
 0.994625  0.000000  0.103546  1.467064  0.000000
 0.994188  0.029474  0.103546  1.467064  0.029638
 0.992878  0.058922  0.103546  1.467064  0.059275
 0.990696  0.088319  0.103546  1.467064  0.088913
 0.088319  0.990696  0.103546  1.467064  1.481883
 0.058922  0.992878  0.103546  1.467064  1.511521
 0.029474  0.994188  0.103546  1.467064  1.541159
 0.997147  0.014778  0.074026  1.496702  0.014819
 0.996271  0.044320  0.074026  1.496702  0.044456
 0.994520  0.073823  0.074026  1.496702  0.074094
 0.073823  0.994520  0.074026  1.496702  1.496702
 0.044320  0.996271  0.074026  1.496702  1.526340
 0.014778  0.997147  0.074026  1.496702  1.555977
 0.999012  0.000000  0.044442  1.526340  0.000000
 0.998573  0.029604  0.044442  1.526340  0.029638
 0.029604  0.998573  0.044442  1.526340  1.541159
 0.999780  0.014817  0.014818  1.555977  0.014819
 0.014817  0.999780  0.014818  1.555977  1.555977
